40.70429387,-74.01323653
40.73528845,-74.00054125
40.81281227,-73.95311252
40.76317774,-73.97444932
40.76307332,-73.97390427
40.76307332,-73.97390427
40.73236523,-73.99659386
40.85090639,-73.93644388
40.76648697,-73.97054197
40.76648697,-73.97054197
40.73201662,-73.9958109
40.80052433,-73.93156536
40.71473568,-73.99759757
40.86476092,-73.92601471
40.77192216,-73.99021596
40.71771642,-73.99520936
40.81919997,-73.93733404
40.81919997,-73.93733404
40.76442723,-73.97747036
40.79795072,-73.96390408
40.73754735,-73.99726116
40.7808379,-73.97684374
40.78098598,-73.97619013
40.7853001,-73.9734189
40.78909532,-73.97038391
40.72454273,-74.00082257
40.71608064,-73.99976913
40.71610809,-73.99984849
40.72581573,-73.98856312
40.81359207,-73.94173948
40.7801875,-73.97737476
40.7801875,-73.97737476
40.76251953,-73.96589065
40.7525987,-73.98572522
40.71610809,-73.99984849
40.72578828,-73.98849818
40.73518126,-74.00569759
40.73518126,-74.00569759
40.7158086,-74.00834731
40.78283579,-73.97549617
40.78474307,-73.97410883
40.79306358,-73.96804189
40.7767168,-73.96182505
40.73273294,-74.0056144
40.73277686,-74.00564327
40.7582039,-73.96298713
40.7582039,-73.96298713
40.73832935,-73.99191329
40.73832935,-73.99191329
40.73638339,-74.00701838
40.79017763,-73.94929322
40.79017763,-73.94929322
40.71998856,-73.98809514
40.80292158,-73.94968806
40.80356641,-73.94926496
40.81117769,-73.94370678
40.74756954,-73.98039937
40.74754483,-73.98034164
40.74752011,-73.98028029
40.7474954,-73.98022255
40.74747069,-73.98016482
40.74744598,-73.98010708
40.74742126,-73.98004573
40.74739655,-73.979988
40.74736909,-73.97993026
40.74734438,-73.97986891
40.74729495,-73.97975344
40.74727024,-73.9796957
40.74724553,-73.97963436
40.74722081,-73.97957662
40.7471961,-73.97951889
40.79977265,-73.94226445
40.77995377,-73.95668866
40.71741184,-73.99838028
40.71890976,-73.98707802
40.77564006,-73.98060413
40.7591369,-73.96233326
40.74754483,-73.98034164
40.74815683,-73.9798831
40.74815683,-73.9798831
40.74754483,-73.98034164
40.71892898,-73.98709245
40.71892898,-73.98709245
40.806088,-73.94746416
40.806088,-73.94746416
40.77629598,-73.98017067
40.75884698,-73.96561459
40.74876333,-73.97940652
40.74873313,-73.97933435
40.7895081,-73.9497018
40.7895081,-73.9497018
40.80234553,-73.95046507
40.75008208,-73.98850121
40.79242421,-73.9686092
40.79245992,-73.96869225
40.79254506,-73.96889445
40.79257802,-73.9689775
40.79259724,-73.96901721
40.75946168,-73.96519555
40.72355115,-73.98710959
40.74873313,-73.97933435
40.77542065,-73.95996998
40.73792888,-74.00192694
40.729766,-74.00069996
40.729766,-74.00069996
40.80035338,-73.95170182
40.80610449,-73.94750388
40.75964828,-73.96505828
40.75964828,-73.96505828
40.77087219,-73.96731604
40.71471907,-73.99374142
40.82119215,-73.95375334
40.71406598,-73.99873748
40.72254706,-74.00735965
40.79973692,-73.9421778
40.77858171,-73.95752363
40.71897063,-73.99254695
40.71590191,-74.00855655
40.8035994,-73.94939135
40.81058786,-73.9442961
40.76455904,-73.97778077
40.76455904,-73.97778077
40.77698761,-73.97990328
40.79311576,-73.96816105
40.76064066,-73.96123505
40.78950533,-73.94964764
40.74365044,-73.98290504
40.74870292,-73.97926579
40.71992541,-73.98788231
40.86633629,-73.92173224
40.86633629,-73.92173224
40.74291561,-73.9891845
40.74291561,-73.9891845
40.80620602,-73.94174594
40.80618404,-73.94169178
40.80614007,-73.94158345
40.802373,-73.95053729
40.74747069,-73.98016482
40.78309004,-73.95420229
40.71942595,-73.9887013
40.71942595,-73.9887013
40.7442597,-73.98243935
40.74416909,-73.98222284
40.71791962,-73.99906568
40.71796903,-73.99903682
40.71801843,-73.99900796
40.71806509,-73.99897549
40.7480772,-73.97969546
40.74805248,-73.97963411
40.74802502,-73.97956916
40.74799757,-73.97950781
40.72572513,-73.98829976
40.76162302,-73.96048364
40.75594148,-73.9833242
40.76176845,-73.96037526
40.73182137,-73.98981773
40.72783584,-73.98823445
40.79263047,-73.9471678
40.77273686,-73.96162515
40.77989057,-73.95649372
40.79775803,-73.9621561
40.72596448,-74.00277444
40.79263047,-73.9471678
40.7925865,-73.94706311
40.79256452,-73.94701256
40.79254254,-73.94696202
40.79252056,-73.94690786
40.79249858,-73.94685732
40.7924766,-73.94680678
40.79263047,-73.9471678
40.7925865,-73.94706311
40.79256452,-73.94701256
40.79254254,-73.94696202
40.79252056,-73.94690786
40.79249858,-73.94685732
40.7924766,-73.94680678
40.79263047,-73.9471678
40.7925865,-73.94706311
40.79256452,-73.94701256
40.79254254,-73.94696202
40.79252056,-73.94690786
40.79249858,-73.94685732
40.7924766,-73.94680678
40.79263047,-73.9471678
40.7925865,-73.94706311
40.79256452,-73.94701256
40.79254254,-73.94696202
40.79252056,-73.94690786
40.79249858,-73.94685732
40.7924766,-73.94680678
40.79263047,-73.9471678
40.7925865,-73.94706311
40.79256452,-73.94701256
40.79254254,-73.94696202
40.79252056,-73.94690786
40.79249858,-73.94685732
40.7924766,-73.94680678
40.76161581,-73.96359167
40.76171185,-73.96351943
40.7408795,-74.00168886
40.7408795,-74.00168886
40.76627991,-73.96616669
40.77725904,-73.9583152
40.71915468,-73.99553393
40.78294014,-73.97573806
40.78056944,-73.95901363
40.7620192,-73.96332072
40.76208232,-73.96327737
40.76208232,-73.96327737
40.74471889,-73.98906151
40.74471889,-73.98906151
40.76214543,-73.96323401
40.76214543,-73.96323401
40.76214543,-73.96323401
40.78071487,-73.95890521
40.78172617,-73.95486041
40.78169869,-73.95479182
40.80366258,-73.94949967
40.81253325,-73.94302647
40.78811585,-73.97196967
40.77601052,-73.95925112
40.76233203,-73.96309674
40.76233203,-73.96309674
40.73180216,-73.98977083
40.73667112,-73.98747872
40.7662497,-73.96609812
40.77785719,-73.95776962
40.71773022,-73.99818547
40.72610721,-74.00268064
40.80130594,-73.95204787
40.81127664,-73.94398485
40.74636594,-73.99131323
40.76762359,-73.96216239
40.80237298,-73.95048672
40.80238947,-73.95052644
40.72636404,-73.98332078
40.74291487,-73.98307124
40.74291487,-73.98307124
40.77531627,-73.95972092
40.77660318,-73.95868389
40.77660318,-73.95868389
40.77660318,-73.95868389
40.78557326,-73.95231198
40.73475047,-73.99957422
40.73475047,-73.99957422
40.80431015,-73.9490874
40.73521982,-74.00089487
40.7201427,-73.99343427
40.7201427,-73.99343427
40.73311723,-73.99475361
40.72539603,-73.99144224
40.74746859,-73.98434406
40.7671154,-73.97009404
40.7671154,-73.97009404
40.77865726,-73.96163618
40.78939819,-73.94944187
40.72634496,-73.98425522
40.76941097,-73.96389067
40.79836823,-73.96491516
40.80493851,-73.94866791
40.81722538,-73.94036704
40.82076979,-73.93703991
40.73262603,-73.9994732
40.81256348,-73.94310231
40.81257997,-73.94313842
40.81259645,-73.94317814
40.81261294,-73.94321787
40.81262668,-73.94325398
40.81264317,-73.94329371
40.81265966,-73.94332982
40.81267614,-73.94336954
40.81272286,-73.9434851
40.81273935,-73.94352122
40.81275584,-73.94356094
40.81276958,-73.94360067
40.81278606,-73.94363678
40.81280255,-73.9436765
40.81281904,-73.94371261
40.81284927,-73.94379206
40.74044759,-73.98489423
40.77008605,-73.96349679
40.77008605,-73.96349679
40.74540458,-73.98466213
40.74540458,-73.98466213
40.74512734,-73.98449619
40.71930224,-73.98690479
40.72526735,-73.99984847
40.81513983,-73.94121428
40.78564224,-73.95320026
40.73376772,-73.99443964
40.73373752,-73.99436748
40.78568614,-73.95316773
40.76585304,-73.97097907
40.7658146,-73.97089244
40.76577889,-73.97080582
40.7638512,-73.95889757
40.74701916,-73.99094503
40.74703563,-73.99098833
40.74708779,-73.99110742
40.74712073,-73.99119042
40.74718936,-73.99135282
40.74722505,-73.99143221
40.74729368,-73.99159461
40.74731015,-73.99163792
40.74732662,-73.99167761
40.72454896,-73.97850484
40.72454896,-73.97850484
40.74279125,-73.98236395
40.80558608,-73.94825923
40.80558608,-73.94825923
40.78753685,-73.97254771
40.7875039,-73.97246827
40.77006682,-73.96344986
40.77594459,-73.95909591
40.78753685,-73.97254771
40.78753685,-73.97254771
40.7326727,-73.99952371
40.72828045,-73.987888
40.78936247,-73.94935523
40.79574458,-73.94470219
40.74790421,-73.979331
40.74790421,-73.979331
40.77593087,-73.95911036
40.80371205,-73.94966217
40.72652596,-73.98320528
40.77004485,-73.96340294
40.7208777,-73.98662669
40.81643766,-73.94040749
40.78104111,-73.97733475
40.78104111,-73.97733475
40.78755607,-73.97259103
40.74757058,-73.98801803
40.78737914,-73.95193512
40.71968378,-73.98702376
40.71966181,-73.9869444
40.74040641,-73.98484372
40.73577701,-73.9992278
40.73580995,-73.99930719
40.73582642,-73.99934688
40.73584289,-73.99939018
40.73585935,-73.99942987
40.73246086,-73.98934857
40.74220127,-73.98334929
40.74842285,-73.97864511
40.77969004,-73.95606417
40.78419293,-73.9529774
40.78419293,-73.9529774
40.71939331,-73.99232684
40.73577701,-73.9992278
40.80498522,-73.94878346
40.81134258,-73.94413652
40.81731057,-73.9405729
40.81731057,-73.9405729
40.79257802,-73.9689775
40.79257802,-73.9689775
40.74025363,-73.99597638
40.74028932,-73.99605576
40.78756847,-73.95180137
40.78769743,-73.951711
40.74081087,-73.99802606
40.78935971,-73.94930106
40.74469049,-73.98154062
40.74469049,-73.98154062
40.77134823,-73.96226137
40.7829252,-73.95381242
40.7829252,-73.95381242
40.80321832,-73.95039579
40.77588169,-73.98112759
40.77588169,-73.98112759
40.77588169,-73.98112759
40.78167506,-73.97693011
40.73626257,-74.00775087
40.74838989,-73.97856933
40.76179034,-73.96910374
40.76427107,-73.96723264
40.79259724,-73.96901721
40.79259724,-73.96901721
40.77850808,-73.97929261
40.77852456,-73.97933232
40.77854104,-73.97937565
40.77855751,-73.97941536
40.72483712,-73.97832075
40.74786576,-73.97919747
40.77000639,-73.96330549
40.74786576,-73.97919747
40.74784105,-73.97913252
40.78033738,-73.95498411
40.73122065,-74.00395813
40.72919183,-73.98904241
40.78822022,-73.97226214
40.7882367,-73.97230185
40.78825592,-73.97234518
40.7882724,-73.9723849
40.78828888,-73.97242461
40.78830536,-73.97246433
40.78832458,-73.97250766
40.78834106,-73.97254737
40.78835754,-73.97258709
40.78837401,-73.97262681
40.78839324,-73.97267013
40.78840971,-73.97270985
40.78842619,-73.97274957
40.78844267,-73.97278929
40.78845915,-73.97283261
40.78822022,-73.97226214
40.7882367,-73.97230185
40.78825592,-73.97234518
40.7882724,-73.9723849
40.78828888,-73.97242461
40.78830536,-73.97246433
40.78832458,-73.97250766
40.78834106,-73.97254737
40.78835754,-73.97258709
40.78837401,-73.97262681
40.78839324,-73.97267013
40.78840971,-73.97270985
40.78842619,-73.97274957
40.78844267,-73.97278929
40.78845915,-73.97283261
40.78822022,-73.97226214
40.7882367,-73.97230185
40.78825592,-73.97234518
40.7882724,-73.9723849
40.78828888,-73.97242461
40.78830536,-73.97246433
40.78832458,-73.97250766
40.78834106,-73.97254737
40.78835754,-73.97258709
40.78837401,-73.97262681
40.78839324,-73.97267013
40.78840971,-73.97270985
40.78842619,-73.97274957
40.78844267,-73.97278929
40.78845915,-73.97283261
40.78822022,-73.97226214
40.7882367,-73.97230185
40.78825592,-73.97234518
40.7882724,-73.9723849
40.78828888,-73.97242461
40.78830536,-73.97246433
40.78832458,-73.97250766
40.78834106,-73.97254737
40.78835754,-73.97258709
40.78837401,-73.97262681
40.78839324,-73.97267013
40.78840971,-73.97270985
40.78842619,-73.97274957
40.78844267,-73.97278929
40.78845915,-73.97283261
40.81199839,-73.94376388
40.74523243,-73.9924574
40.74523243,-73.9924574
40.75464354,-73.985732
40.75844461,-73.98282905
40.78306097,-73.97602329
40.77450435,-73.98461933
40.74212988,-73.98313639
40.73068549,-73.99991701
40.72651895,-74.0012808
40.74206512,-73.99476734
40.84590541,-73.93621373
40.84582813,-73.93544033
40.86882663,-73.92306346
40.74033228,-73.98467052
40.74253596,-73.98221967
40.78609167,-73.95148466
40.78609167,-73.95148466
40.78609167,-73.95148466
40.72719585,-73.98437047
40.86882663,-73.92306346
40.80377799,-73.94981744
40.80377799,-73.94981744
40.81201213,-73.94380361
40.73127287,-74.0000902
40.77854104,-73.97937565
40.76702875,-73.95657433
40.78609167,-73.95148466
40.78606969,-73.95143774
40.78609167,-73.95148466
40.78606969,-73.95143774
40.73780537,-73.9979215
40.78568699,-73.95529827
40.78285652,-73.95364636
40.78544413,-73.95200152
40.78643694,-73.95015551
40.80007395,-73.95298424
40.81523601,-73.9414418
40.72071623,-74.00844172
40.72680165,-74.00210702
40.81265968,-73.94338039
40.78172999,-73.97710342
40.78694965,-73.97329546
40.79076141,-73.97051318
40.79077789,-73.97055289
40.76798206,-73.95897444
40.76849835,-73.95977558
40.7949761,-73.94480034
40.7471961,-73.97951889
40.86424646,-73.92416422
40.73462971,-74.000433
40.734605,-74.00059898
40.71446367,-73.99164925
40.73132502,-74.00020206
40.73137992,-74.00031391
40.73140736,-74.00036803
40.81142227,-73.94432792
40.73132502,-74.00020206
40.75786281,-73.98339952
40.75786281,-73.98339952
40.78174647,-73.97714313
40.78174647,-73.97714313
40.76729376,-73.95341532
40.76736236,-73.95336473
40.78176293,-73.97713229
40.78176293,-73.97713229
40.79267962,-73.96916886
40.71680496,-74.00819592
40.71680496,-74.00819592
40.80103827,-73.96306805
40.80109046,-73.96319083
40.80114265,-73.96331361
40.74626561,-73.97942173
40.78341896,-73.95308627
40.78341896,-73.95308627
40.73587582,-73.99946957
40.78766044,-73.9728835
40.79079437,-73.97059261
40.71685986,-74.00817789
40.76888916,-73.95519402
40.74900902,-73.98991977
40.74904196,-73.99000277
40.7253689,-73.99905114
40.8069856,-73.94762961
40.74654986,-73.99170658
40.74654986,-73.99170658
40.74654986,-73.99170658
40.81528547,-73.94155736
40.81530196,-73.94159708
40.81531845,-73.9416332
40.81533493,-73.94167292
40.81528547,-73.94155736
40.81530196,-73.94159708
40.81531845,-73.9416332
40.81533493,-73.94167292
40.77444801,-73.95718688
40.77444801,-73.95718688
40.73255461,-73.99614282
40.78570393,-73.95654048
40.78570393,-73.95654048
40.7204831,-73.99456701
40.73072662,-74.00338441
40.7836171,-73.97143714
40.78556825,-73.97001353
40.74937771,-73.97706762
40.76274507,-73.9674933
40.77513434,-73.94463266
40.80698563,-73.94768018
40.73137992,-74.00031391
40.8493413,-73.93533933
40.76928271,-73.95799889
40.76968061,-73.95773509
40.71689829,-74.00812379
40.71694495,-74.00808772
40.71699162,-74.00804805
40.8034601,-73.95097354
40.78315982,-73.97621463
40.78826903,-73.95338981
40.77471671,-73.96439687
40.774681,-73.96431024
40.77464529,-73.96422722
40.74904196,-73.99000277
40.72788034,-74.00181841
40.72788034,-74.00181841
40.72788034,-74.00181841
40.84960375,-73.9335101
40.74694073,-73.97891626
40.81531845,-73.9416332
40.81921197,-73.93925248
40.81921197,-73.93925248
40.74216669,-73.99500912
40.74216669,-73.99500912
40.78635145,-73.9739457
40.77056417,-73.9570919
40.80595275,-73.93517919
40.80962246,-73.94585385
40.78834106,-73.97254737
40.73326282,-74.00076856
40.8499906,-73.93325308
40.77603404,-73.95603048
40.77603404,-73.95603048
40.85008663,-73.93318431
40.85008663,-73.93318431
40.85008663,-73.93318431
40.71645076,-74.00980476
40.71647821,-74.0098228
40.71646448,-74.00983362
40.71648919,-74.00985166
40.71647546,-74.00986248
40.71650291,-74.00988052
40.71648918,-74.00989495
40.71651663,-74.00991299
40.71645076,-74.00980476
40.71647821,-74.0098228
40.71646448,-74.00983362
40.71648919,-74.00985166
40.71647546,-74.00986248
40.71650291,-74.00988052
40.71648918,-74.00989495
40.71651663,-74.00991299
40.72016092,-73.98356043
40.75124932,-73.97557275
40.76829362,-73.96314037
40.71135948,-74.00629794
40.72022443,-73.98643923
40.81925045,-73.93934277
40.78636793,-73.97398542
40.75492636,-73.98665956
40.8503253,-73.93298165
40.78477429,-73.95171673
40.85036645,-73.93295269
40.73453913,-74.00092734
40.73453913,-74.00092734
40.73453913,-74.00092734
40.80577841,-73.94871783
40.79086302,-73.97075509
40.79086302,-73.97075509
40.85063532,-73.93275723
40.74806312,-73.97779349
40.74799447,-73.9776275
40.74807959,-73.97778266
40.78491424,-73.9516408
40.77053553,-73.9539943
40.77053553,-73.9539943
40.74368583,-73.98107536
40.77082365,-73.95380637
40.77082365,-73.95380637
40.85095631,-73.93252195
40.85068947,-73.93149206
40.85070322,-73.93152819
40.8507197,-73.9315607
40.73926831,-73.99727913
40.74848208,-73.99056948
40.80285351,-73.9448805
40.78576759,-73.95101546
40.7282756,-73.99935778
40.79915706,-73.94075886
40.79915706,-73.94075886
40.74802467,-73.97765636
40.72030472,-73.99510455
40.71921214,-74.00788958
40.79056964,-73.97195419
40.85180408,-73.93192829
40.85178227,-73.93217411
40.85180425,-73.93222469
40.85193069,-73.9325282
40.85207911,-73.93288229
40.8521011,-73.93293287
40.86156664,-73.9268823
40.72117883,-73.98098435
40.72956285,-74.00298386
40.80682052,-73.94110604
40.80682052,-73.94110604
40.72771287,-74.00357909
40.81541859,-73.95719304
40.81541859,-73.95719304
40.71518006,-73.99175738
40.71798246,-74.00823214
40.72565304,-73.9826066
40.72565304,-73.9826066
40.77157559,-73.96088209
40.77796634,-73.95605809
40.78122617,-73.95371972
40.71293788,-74.0012625
40.71650291,-74.00988052
40.73864526,-73.99778796
40.74106757,-73.9825304
40.74856251,-73.97701737
40.80115913,-73.96335333
40.80519401,-73.94923121
40.80905182,-73.94641423
40.80905182,-73.94641423
40.7544653,-73.98719385
40.72941669,-73.98709042
40.72951001,-73.98702185
40.72955392,-73.98698576
40.81872684,-73.95237493
40.78685416,-73.95019854
40.78685416,-73.95019854
40.78685416,-73.95019854
40.75763532,-73.98580355
40.75370542,-73.97352896
40.79912134,-73.94067943
40.7436419,-73.98097433
40.76072525,-73.96862775
40.78311673,-73.95232457
40.86698558,-73.91997795
40.86698558,-73.91997795
40.79172763,-73.97080166
40.79172763,-73.97080166
40.73273005,-74.00812933
40.79841344,-73.94114598
40.77408086,-73.95895263
40.77408086,-73.95895263
40.81540091,-73.94187518
40.79093168,-73.97091757
40.76522851,-73.9656149
40.76520654,-73.96556798
40.72850513,-73.98463355
40.72563573,-73.97772881
40.74552458,-73.97969263
40.74616126,-73.97912944
40.75118067,-73.97540676
40.8568685,-73.92813824
40.8039703,-73.95023269
40.80522699,-73.94931065
40.81223469,-73.94428389
40.81223469,-73.94428389
40.78001213,-73.97888413
40.79059435,-73.97201557
40.75847787,-73.98511393
40.77451548,-73.95418291
40.77406438,-73.95890932
40.77406438,-73.95890932
40.78117947,-73.9536042
40.78117947,-73.9536042
40.78117947,-73.9536042
40.78117947,-73.9536042
40.72439725,-74.00163071
40.79094816,-73.97095729
40.72955392,-73.98698576
40.72275219,-73.98517242
40.74237121,-73.98178305
40.76955591,-73.96224433
40.77605101,-73.95738082
40.72164671,-74.00829753
40.71943742,-73.99633838
40.71943742,-73.99633838
40.80524347,-73.94934676
40.78862943,-73.94890438
40.72089996,-73.98949472
40.76885337,-73.96257326
40.7694955,-73.9621505
40.71342872,-73.98947065
40.73442658,-74.00171395
40.78392284,-73.97613853
40.78394206,-73.97617824
40.78395853,-73.97621796
40.78397501,-73.97626128
40.78399423,-73.976301
40.78401071,-73.97634071
40.78402719,-73.97638043
40.78404641,-73.97642014
40.78406288,-73.97645986
40.78408211,-73.97650318
40.78409858,-73.9765429
40.78392284,-73.97613853
40.78394206,-73.97617824
40.78395853,-73.97621796
40.78397501,-73.97626128
40.78399423,-73.976301
40.78401071,-73.97634071
40.78402719,-73.97638043
40.78404641,-73.97642014
40.78406288,-73.97645986
40.78408211,-73.97650318
40.78409858,-73.9765429
40.83668105,-73.94840852
40.77448128,-73.95111041
40.82109955,-73.93777665
40.82113253,-73.93785611
40.72056534,-73.99260088
40.78942753,-73.94753147
40.76386455,-73.96622207
40.76386455,-73.96622207
40.76572232,-73.96480239
40.76819748,-73.96290937
40.76890554,-73.96265265
40.76953669,-73.96220102
40.7785837,-73.95551607
40.77563776,-73.95338782
40.78926327,-73.94846332
40.73172019,-74.00433341
40.72009877,-73.99328276
40.73303488,-73.99455877
40.774681,-73.96431024
40.774681,-73.96431024
40.774681,-73.96431024
40.79780811,-73.94958357
40.78490416,-73.97055549
40.76516534,-73.96547053
40.76883689,-73.96253716
40.76947902,-73.9621108
40.74406195,-73.98161297
40.84993117,-73.93491223
40.84993117,-73.93491223
40.84993117,-73.93491223
40.84993117,-73.93491223
40.79392736,-73.94426671
40.73853719,-73.98449411
40.74484119,-73.97998155
40.76951746,-73.96215771
40.7214103,-73.98769444
40.73500839,-73.99540297
40.73503035,-73.99544987
40.717798,-73.98595994
40.74544496,-73.9795483
40.76626835,-73.96423533
40.71344243,-73.98932636
40.73254915,-73.99707374
40.77680941,-73.95253489
40.78071472,-73.9785842
40.77695484,-73.95242647
40.78071472,-73.9785842
40.7807312,-73.97862392
40.78075042,-73.97866363
40.7807669,-73.97870696
40.76512414,-73.96537309
40.72754,-74.00040409
40.8154806,-73.94206658
40.78397501,-73.97626128
40.79947115,-73.94312433
40.79952877,-73.94308094
40.79958639,-73.94303755
40.79976473,-73.94290737
40.78273197,-73.95114046
40.78278685,-73.95109709
40.78300636,-73.95093805
40.78306123,-73.95089829
40.74445314,-74.00282574
40.74445314,-74.00282574
40.72713199,-73.97970184
40.75937786,-73.98305622
40.77746537,-73.98097189
40.78336577,-73.97670204
40.80865976,-73.94165348
40.808679,-73.94170043
40.80869823,-73.94174737
40.80871747,-73.9417907
40.80875594,-73.94188459
40.80877518,-73.94192792
40.80879441,-73.94197487
40.80881365,-73.94202181
40.80883288,-73.94206514
40.80885212,-73.94211208
40.80887136,-73.94215903
40.80889059,-73.94220236
40.80890983,-73.9422493
40.80892907,-73.94229625
40.8089483,-73.94233958
40.80896754,-73.94238652
40.80898677,-73.94243347
40.80900601,-73.9424768
40.77143824,-73.96055002
40.77745015,-73.94894545
40.79135131,-73.94691963
40.77764496,-73.94880088
40.76441606,-73.96559005
40.76814254,-73.96277582
40.71407103,-73.98991784
40.78075042,-73.97866363
40.78338225,-73.97674536
40.78400795,-73.97629016
40.78854427,-73.97298425
40.78854427,-73.97298425
40.78854427,-73.97298425
40.78854427,-73.97298425
40.78854427,-73.97298425
40.81234301,-73.95334044
40.8123924,-73.95330789
40.81244179,-73.95327534
40.7778041,-73.94868521
40.79901419,-73.94047004
40.79901419,-73.94047004
40.78108331,-73.9533804
40.86481636,-73.92267041
40.86486294,-73.92254743
40.79208392,-73.94640983
40.7688149,-73.96243609
40.7688149,-73.96243609
40.7688149,-73.96243609
40.7688149,-73.96243609
40.70618018,-74.00490162
40.7807669,-73.97870696
40.77894416,-73.95097715
40.77585627,-73.97719931
40.77587275,-73.97723902
40.77588923,-73.97727873
40.77590845,-73.97732205
40.77592492,-73.97736176
40.7759414,-73.97740147
40.77595788,-73.97744119
40.7759771,-73.97748089
40.77599357,-73.97752061
40.77601005,-73.97756393
40.77602653,-73.97760364
40.776043,-73.97764335
40.73394077,-74.00061702
40.73394077,-74.00061702
40.80679304,-73.94104826
40.77136602,-73.96653958
40.77280952,-73.96573013
40.77280952,-73.96573013
40.77280952,-73.96573013
40.77280952,-73.96573013
40.77981237,-73.96037897
40.73364434,-74.0003933
40.73252436,-74.00524273
40.73571935,-74.00212173
40.72094149,-73.99483755
40.73543665,-74.00176088
40.73571112,-74.0020676
40.73570014,-74.00213256
40.73568367,-74.00226246
40.73567269,-74.0023238
40.73566445,-74.00238875
40.73565622,-74.0024537
40.73564524,-74.00251865
40.735637,-74.0025836
40.73562877,-74.00264855
40.73561779,-74.0027135
40.74495804,-73.99372054
40.72593426,-74.00387123
40.84385219,-73.93589403
40.71734556,-74.00968584
40.77204739,-73.96003699
40.71347259,-73.98896924
40.71347259,-73.98896924
40.78404641,-73.97642014
40.78015146,-73.95007717
40.77834878,-73.94536656
40.78021457,-73.95003018
40.82551511,-73.94741269
40.82557273,-73.94736928
40.82557273,-73.94736928
40.82557273,-73.94736928
40.79514826,-73.9432436
40.78065084,-73.94970849
40.78065084,-73.94970849
40.78034903,-73.94995787
40.78089842,-73.95099015
40.77652555,-73.95657896
40.77652555,-73.95657896
40.82604191,-73.94700397
40.8260913,-73.9469678
40.78096639,-73.94947716
40.78090582,-73.94906918
40.72320495,-73.98420906
40.7693911,-73.96185813
40.78168143,-73.95280224
40.78168143,-73.95280224
40.74739432,-73.98321807
40.72169858,-73.9884087
40.72169858,-73.9884087
40.72169858,-73.9884087
40.72777056,-74.00023813
40.73685296,-73.99972576
40.80924416,-73.94687285
40.74249338,-73.9968243
40.79757637,-73.94128035
40.78355003,-73.95144318
40.78355003,-73.95144318
40.70595788,-74.00406844
40.72047499,-73.99870849
40.72012806,-73.98409796
40.72012806,-73.98409796
40.72780899,-74.00020565
40.72318024,-73.98414774
40.72130305,-73.98585819
40.72130305,-73.98585819
40.72130305,-73.98585819
40.728196,-74.00095251
40.85615562,-73.93397349
40.76498679,-73.96499772
40.76574319,-73.97071919
40.81055569,-73.94033689
40.72900845,-74.00088757
40.86422323,-73.9264383
40.79053859,-73.94631718
40.70678676,-74.00511447
40.72148755,-73.99212818
40.76496756,-73.9649508
40.78274988,-73.94816865
40.78274988,-73.94816865
40.8648623,-73.92574344
40.86485679,-73.92571453
40.72904138,-74.00095252
40.82572856,-73.93535505
40.73378701,-73.99635564
40.73380622,-73.99640254
40.7338474,-73.99649636
40.73386661,-73.99654326
40.71741688,-74.01021975
40.71741688,-74.01021975
40.85421469,-73.93815414
40.72952608,-73.98387202
40.72952608,-73.98387202
40.72074382,-73.99388516
40.72074382,-73.99388516
40.78479018,-73.97619599
40.81445768,-73.94379432
40.81446867,-73.9438196
40.81445768,-73.94379432
40.81446867,-73.9438196
40.81445768,-73.94379432
40.81446867,-73.9438196
40.78277041,-73.94507767
40.78901812,-73.94655314
40.78901812,-73.94655314
40.78901812,-73.94655314
40.78913609,-73.9464411
40.79818604,-73.94195522
40.83000665,-73.9441064
40.71020919,-74.00965595
40.80671449,-73.93781177
40.79887744,-73.94142007
40.79887744,-73.94142007
40.73086305,-73.98601131
40.72238977,-73.98428502
40.72151712,-73.98574992
40.83045663,-73.94377358
40.79049426,-73.94544688
40.72507243,-74.00299448
40.72509988,-74.00304499
40.72512458,-74.00309911
40.72507243,-74.00299448
40.72509988,-74.00304499
40.72512458,-74.00309911
40.86519715,-73.92159258
40.73782451,-74.00453588
40.73258757,-74.00282523
40.7202362,-74.00002165
40.72952991,-74.0030921
40.79589749,-73.94892047
40.73711618,-73.99211912
40.73739606,-73.99093912
40.71526775,-73.98991044
40.7440355,-73.98955964
40.73463793,-74.00144333
40.79109517,-73.94503469
40.7192755,-73.99718255
40.82712542,-73.94006188
40.72470024,-73.98030508
40.72476066,-73.98048906
40.72467553,-73.98024376
40.72472771,-73.98041331
40.72465081,-73.98018243
40.7246975,-73.98034116
40.72462336,-73.98012111
40.72466455,-73.98026541
40.72459864,-73.98005978
40.72463435,-73.98018965
40.72457393,-73.97999846
40.7246014,-73.9801139
40.72454647,-73.97993713
40.72457119,-73.98004175
40.72452176,-73.97987581
40.72453824,-73.979966
40.7244943,-73.97981809
40.72450804,-73.97989024
40.72446959,-73.97975677
40.72447509,-73.97981449
40.72444487,-73.97969544
40.72444488,-73.97974234
40.72441741,-73.97963412
40.72441468,-73.97966659
40.7243927,-73.97957279
40.72438173,-73.97959084
40.72436799,-73.97951147
40.72435152,-73.97951508
40.72434053,-73.97945015
40.72431857,-73.97944294
40.72431581,-73.97938882
40.72428836,-73.97936718
40.7242911,-73.9793275
40.72425541,-73.97929143
40.72426364,-73.97926617
40.72422521,-73.97921568
40.72423893,-73.97920846
40.7239259,-73.97850865
40.72393962,-73.97849782
40.72390393,-73.97845815
40.72391765,-73.97844732
40.72388196,-73.97840765
40.72389843,-73.97839682
40.72386274,-73.97836076
40.72387646,-73.97834993
40.72384077,-73.97831025
40.72385724,-73.97829943
40.72382155,-73.97826336
40.72383527,-73.97825253
40.72379958,-73.97821286
40.72381605,-73.97820203
40.72378036,-73.97816596
40.72379408,-73.97815514
40.72375839,-73.97811546
40.72377486,-73.97810463
40.72373917,-73.97806496
40.72375289,-73.97805413
40.7237172,-73.97801807
40.72373093,-73.97800724
40.72369798,-73.97796757
40.7237117,-73.97795674
40.72367601,-73.97792067
40.72368974,-73.97790984
40.72365679,-73.97787017
40.72367051,-73.97785934
40.72363482,-73.97781967
40.72364855,-73.97781245
40.7236156,-73.97777278
40.72362932,-73.97776195
40.72359363,-73.97772227
40.72360735,-73.97771145
40.72357441,-73.97767538
40.72358813,-73.97766455
40.72355244,-73.97762488
40.72356616,-73.97761405
40.72353048,-73.97757799
40.72354694,-73.97756716
40.72351125,-73.97752748
40.72352497,-73.97751666
40.72348928,-73.97747698
40.72350575,-73.97746976
40.72347006,-73.97743009
40.72348378,-73.97741926
40.72344809,-73.97737959
40.72346456,-73.97736876
40.72342887,-73.9773327
40.72344259,-73.97732187
40.7234069,-73.9772822
40.72342337,-73.97727137
40.72338768,-73.9772353
40.7234014,-73.97722447
40.72336571,-73.9771848
40.72338218,-73.97717397
40.72399818,-73.98418362
40.72399818,-73.98418362
40.72399818,-73.98418362
40.72228592,-73.98807308
40.72228592,-73.98807308
40.72513006,-74.00315323
40.8015382,-73.96429584
40.8015382,-73.96429584
40.81451813,-73.94393877
40.79307616,-73.94358485
40.79307616,-73.94358485
40.79313104,-73.94354507
40.77437225,-73.98220033
40.80506311,-73.9511927
40.78495084,-73.97062047
40.78496732,-73.97066018
40.78498379,-73.9706999
40.78500302,-73.97073961
40.7850195,-73.97078294
40.78503598,-73.97082265
40.78505245,-73.97086237
40.78506893,-73.97090208
40.78508816,-73.9709454
40.78510463,-73.97098512
40.78512111,-73.97102483
40.78513759,-73.97106455
40.78515682,-73.97110787
40.78517329,-73.97114759
40.78518977,-73.9711873
40.78520625,-73.97122702
40.78522273,-73.97126673
40.78524195,-73.97131005
40.78525843,-73.97134977
40.78527491,-73.97138948
40.78529139,-73.9714292
40.78530787,-73.97147252
40.78532709,-73.97151224
40.78534357,-73.97155195
40.78536005,-73.97159167
40.78537653,-73.97163499
40.78539575,-73.97167471
40.78541223,-73.97171442
40.7854287,-73.97175414
40.78544518,-73.97179746
40.71360145,-73.98760209
40.79383893,-73.94303886
40.79383893,-73.94303886
40.79389653,-73.9429738
40.80884838,-73.94016864
40.73812101,-74.00230945
40.73517591,-74.00117632
40.73391881,-74.00066032
40.80739114,-73.94057092
40.80739114,-73.94057092
40.77851168,-73.96129325
40.78561877,-73.95634192
40.80745533,-73.94265875
40.77849633,-73.97533528
40.72283704,-73.98337577
40.82251379,-73.93909411
40.74492244,-73.99556107
40.73127779,-73.98852971
40.73118994,-73.98832045
40.73110208,-73.98811119
40.73096207,-73.98777927
40.73095383,-73.98775402
40.73094285,-73.98772876
40.73093187,-73.98770351
40.73127779,-73.98852971
40.73118994,-73.98832045
40.73110208,-73.98811119
40.73096207,-73.98777927
40.73095383,-73.98775402
40.73094285,-73.98772876
40.73093187,-73.98770351
40.78876154,-73.94379073
40.79423128,-73.94275682
40.78878898,-73.94377265
40.79427243,-73.94270261
40.79432181,-73.94266645
40.79432181,-73.94266645
40.79432181,-73.94266645
40.73692875,-73.98441149
40.73869615,-73.98280528
40.76902851,-73.96100273
40.80394365,-73.95211822
40.80394365,-73.95211822
40.79441785,-73.94261581
40.78804115,-73.94123098
40.79436846,-73.9426303
40.78897007,-73.94363527
40.79454407,-73.9425218
40.7386687,-73.98278363
40.81796187,-73.94214029
40.81796187,-73.94214029
40.72824777,-73.99057595
40.72813521,-73.9903162
40.72799245,-73.98997707
40.7429128,-73.98858544
40.74297593,-73.98853852
40.74303905,-73.9884952
40.72824777,-73.99057595
40.72813521,-73.9903162
40.72799245,-73.98997707
40.74323719,-73.99625407
40.72531395,-74.00349237
40.81683161,-73.9432793
40.80338806,-73.9381508
40.78978496,-73.9430351
40.78977399,-73.94306762
40.73242771,-73.98728829
40.73682443,-73.98420223
40.77151996,-73.95878814
40.78501463,-73.94893604
40.80664389,-73.9507653
40.80664389,-73.9507653
40.8142168,-73.9451601
40.8142168,-73.9451601
40.78909902,-73.97434548
40.78909902,-73.97434548
40.78911549,-73.9743852
40.78913197,-73.97442491
40.78914845,-73.97446463
40.73411637,-74.00392583
40.80791156,-73.94983961
40.80791156,-73.94983961
40.80881453,-73.93841668
40.79969915,-73.93815784
40.73677775,-73.98409398
40.74363059,-73.97907249
40.71901473,-73.99635644
40.78588546,-73.97681671
40.78911549,-73.9743852
40.79001661,-73.93979193
40.79037603,-73.93953159
40.80095848,-73.93723563
40.71424924,-73.98782562
40.72917313,-74.00010463
40.73410264,-74.00400521
40.74305057,-73.99712019
40.74305057,-73.99712019
40.74305057,-73.99712019
40.74747271,-73.97635008
40.74731619,-73.97598202
40.77733171,-73.95450954
40.7772905,-73.95441208
40.77727676,-73.9543796
40.79774291,-73.93956102
40.76197601,-73.96567073
40.79061198,-73.93933275
40.80489431,-73.93702603
40.79843705,-73.93905112
40.79843705,-73.93905112
40.82283752,-73.94424249
40.71270135,-73.98940222
40.80794453,-73.94991906
40.78852,-73.97488017
40.7109668,-74.00899958
40.77214282,-73.9582462
40.77212909,-73.95821371
40.7721181,-73.95818123
40.77210436,-73.95815235
40.72773207,-74.00379557
40.71351948,-74.00820995
40.72634869,-74.00466138
40.72634869,-74.00466138
40.73383642,-73.9964278
40.73773384,-73.99359131
40.75198354,-73.98320969
40.78695138,-73.96921123
40.78695138,-73.96921123
40.79840959,-73.93902948
40.73498833,-73.98529599
40.74422062,-73.97855263
40.80085695,-73.95488716
40.82259623,-73.93928914
40.78335795,-73.97885418
40.78335795,-73.97885418
40.83728294,-73.93881316
40.83726103,-73.93888546
40.78722199,-73.97605429
40.7872467,-73.97611567
40.78727416,-73.97618066
40.74359125,-73.99599783
40.7173295,-73.99894303
40.7173295,-73.99894303
40.72946323,-73.98605129
40.7349389,-73.98513363
40.7349389,-73.98513363
40.76323007,-73.96470985
40.77212909,-73.95821371
40.77666489,-73.95490716
40.71367271,-73.98669668
40.81811848,-73.94246531
40.77757002,-73.98321046
40.77276295,-73.9577548
40.77275196,-73.95772231
40.77273823,-73.95768982
40.77271076,-73.95762847
40.77269702,-73.95759598
40.77268329,-73.9575635
40.77266955,-73.95753101
40.77262834,-73.95743356
40.77261461,-73.95740107
40.77260087,-73.9573722
40.77258988,-73.95733971
40.77257615,-73.95730723
40.77256241,-73.95727474
40.77254868,-73.95724226
40.77253494,-73.95720977
40.79771579,-73.94020032
40.7323728,-73.9871584
40.76382553,-73.96423303
40.78115669,-73.9516002
40.80347038,-73.95604848
40.81627476,-73.94394452
40.81629399,-73.94398424
40.79277014,-73.94088372
40.80355819,-73.9559834
40.78695138,-73.96921123
40.78696786,-73.96925095
40.78698708,-73.96929066
40.78700356,-73.96933038
40.74365987,-73.99595091
40.72152881,-73.9935568
40.74553518,-73.97764637
40.71367819,-73.98662453
40.80278873,-73.95359997
40.76651649,-73.98028189
40.80389296,-73.95576284
40.79831666,-73.93976275
40.83866026,-73.93781444
40.73092088,-73.98767825
40.73554545,-73.98480513
40.74041683,-73.9810366
40.80735742,-73.95052275
40.7933957,-73.9404245
40.7933957,-73.9404245
40.78604747,-73.9771561
40.78607767,-73.97722831
40.78610788,-73.97729691
40.7861985,-73.97750994
40.74044428,-73.98105824
40.76673678,-73.96138673
40.77210436,-73.95815235
40.77210436,-73.95815235
40.81496326,-73.94495356
40.81693328,-73.94351766
40.77826713,-73.98285644
40.77826713,-73.98285644
40.78604747,-73.9771561
40.7904932,-73.97371657
40.81056061,-73.93924954
40.79900257,-73.93925287
40.80462284,-73.9552097
40.79367282,-73.94022562
40.73613836,-73.98511893
40.75681965,-73.96926126
40.76949203,-73.96001326
40.7714403,-73.95859323
40.81817621,-73.94264952
40.79400206,-73.93998335
40.72249107,-73.98251724
40.86562453,-73.92043875
40.80071815,-73.96635146
40.79423526,-73.93978451
40.75680592,-73.96922878
40.75680592,-73.96922878
40.77079544,-73.95902686
40.77079544,-73.95902686
40.84560808,-73.93460924
40.79769067,-73.93939131
40.74356193,-73.9788632
40.78568408,-73.94833609
40.8220037,-73.93991835
40.73147597,-74.00197005
40.80798649,-73.94006105
40.74831641,-73.98221812
40.76817176,-73.96872172
40.71876458,-74.00996743
40.73772287,-73.99360936
40.75253072,-74.00761561
40.75553808,-73.97011007
40.75742061,-73.96874481
40.82392978,-73.93856168
40.82392978,-73.93856168
40.78347877,-73.97913941
40.78347877,-73.97913941
40.79509505,-73.9411128
40.79767693,-73.93935882
40.72164844,-73.98258961
40.81836305,-73.94304677
40.7396032,-74.00001083
40.75740688,-73.96871233
40.75737941,-73.96864737
40.75735195,-73.96858241
40.72202285,-73.9933944
40.79446129,-73.94166593
40.73724975,-73.98340105
40.73724975,-73.98340105
40.73724975,-73.98340105
40.75740688,-73.96871233
40.76718064,-73.97983043
40.82202296,-73.94000866
40.8074261,-73.95067803
40.80744259,-73.95071775
40.80745907,-73.95075747
40.80750853,-73.95087664
40.80673842,-73.95366585
40.80673842,-73.95366585
40.73549054,-73.98467524
40.73547681,-73.98464277
40.73546308,-73.9846103
40.73549054,-73.98467524
40.73547681,-73.98464277
40.73546308,-73.9846103
40.78623066,-73.95585763
40.78620319,-73.95579626
40.7606148,-73.96628147
40.77983128,-73.95231609
40.73394341,-74.00503717
40.81774296,-73.94350252
40.78421446,-73.97971694
40.72771286,-74.00375227
40.72771835,-74.00381361
40.72772384,-74.00387494
40.72772933,-74.00393628
40.7277403,-74.00405895
40.79763573,-73.93930468
40.80162277,-73.93734697
40.80162277,-73.93734697
40.79656737,-73.93807768
40.75969662,-73.98581755
40.78044316,-73.95186069
40.78044316,-73.95186069
40.78041569,-73.95179572
40.78474687,-73.97929428
40.79566304,-73.93566956
40.79566304,-73.93566956
40.79684261,-73.93951849
40.73149446,-73.98701424
40.73149446,-73.98701424
40.77076795,-73.95891857
40.77981754,-73.95228361
40.77981754,-73.95228361
40.72236055,-73.99518738
40.73635064,-74.00243207
40.8177622,-73.94354586
40.74382184,-73.99703716
40.77768809,-73.98349929
40.78286131,-73.9797354
40.72202011,-73.99337276
40.722075,-73.99335471
40.72202011,-73.99337276
40.722075,-73.99335471
40.74426095,-73.99553586
40.79762199,-73.93927219
40.7402356,-73.98061083
40.77395921,-73.95654814
40.77917272,-73.95274624
40.7339187,-74.00510573
40.79715727,-73.93767623
40.80259127,-73.93663811
40.80269004,-73.93656577
40.79639557,-73.93510904
40.79639557,-73.93510904
40.79645593,-73.93506564
40.79651629,-73.93502225
40.72742708,-73.9905003
40.72742708,-73.9905003
40.72742708,-73.9905003
40.78044314,-73.95181736
40.78044314,-73.95181736
40.78042941,-73.95178488
40.78041842,-73.951756
40.78040468,-73.95172351
40.74028939,-73.99966079
40.79645593,-73.93506564
40.76728277,-73.96074021
40.76727452,-73.96071856
40.76725804,-73.96067524
40.81842625,-73.94319123
40.81844548,-73.94323818
40.81846472,-73.94328513
40.8184867,-73.94333569
40.81850594,-73.94338264
40.73084676,-73.98750508
40.79503186,-73.94100089
40.72917851,-74.00522804
40.74029213,-73.99971131
40.77335472,-73.98818669
40.79777734,-73.93722418
40.73085224,-73.9874726
40.73967182,-74.00017321
40.73967182,-74.00017321
40.73967182,-74.00017321
40.74385753,-73.99711655
40.78290799,-73.97984733
40.79795513,-73.96970457
40.79796887,-73.96974068
40.7979826,-73.96977318
40.79799633,-73.96980568
40.79801006,-73.96983818
40.7980238,-73.96987068
40.79806499,-73.96996818
40.79796064,-73.96976235
40.79758733,-73.96965417
40.79763947,-73.96961442
40.79769435,-73.96957105
40.79774923,-73.9695313
40.79811205,-73.93695298
40.81515209,-73.94379735
40.73698193,-74.00278212
40.73391058,-74.00081547
40.73730272,-73.99071901
40.72774031,-74.00386773
40.73067171,-74.00361533
40.71540506,-73.99076896
40.86490337,-73.92559155
40.75583124,-73.98046913
40.75583124,-73.98046913
40.78307929,-73.97209095
40.78634218,-73.96970985
40.7841638,-73.94901614
40.78415006,-73.94898365
40.78413632,-73.94895116
40.78412259,-73.94891867
40.78411159,-73.94888618
40.74437623,-73.99544923
40.80267298,-73.93549663
40.75484099,-73.97040636
40.80126904,-73.95586211
40.81892269,-73.94247907
40.75547216,-73.96994767
40.75545843,-73.9699188
40.75547216,-73.96994767
40.75545843,-73.9699188
40.79761097,-73.93919996
40.81706518,-73.94383547
40.81781716,-73.94367948
40.71663921,-73.98230594
40.81914401,-73.9595029
40.77260089,-73.95741191
40.86590674,-73.91972617
40.86590674,-73.91972617
40.81644238,-73.94434178
40.76044043,-73.98562247
40.77650282,-73.95456427
40.74346583,-73.97863227
40.74453002,-73.99902922
40.77258715,-73.95737943
40.74034428,-73.999834
40.74034428,-73.999834
40.76561381,-73.98237596
40.76561381,-73.98237596
40.73387477,-74.00539078
40.73386379,-74.00545933
40.73385281,-74.0055315
40.73384183,-74.00560366
40.73383084,-74.00567583
40.77648908,-73.95453178
40.7434521,-73.97859979
40.7434521,-73.97859979
40.80372472,-73.95369685
40.75107585,-73.97307163
40.75059243,-73.97165341
40.79497965,-73.94087815
40.74465687,-73.97769358
40.81137833,-73.95027772
40.81137833,-73.95027772
40.72143427,-73.98208099
40.74343837,-73.97856732
40.74343837,-73.97856732
40.73629574,-74.00280013
40.81852792,-73.94342959
40.79435412,-73.9414096
40.79435412,-73.9414096
40.79435412,-73.9414096
40.79435412,-73.9414096
40.74884456,-73.97388819
40.81649184,-73.94445735
40.74272397,-73.99821005
40.76563578,-73.98242288
40.76563578,-73.98242288
40.80011858,-73.93719669
40.77257615,-73.95730723
40.76241214,-73.96472112
40.7623984,-73.96468864
40.76238467,-73.96465615
40.76237368,-73.96462367
40.72703489,-74.00436197
40.74830542,-73.98219286
40.70913604,-74.00898851
40.77589747,-73.97734011
40.77589747,-73.97734011
40.77853203,-73.97541832
40.7791687,-73.9749523
40.73266443,-73.99734435
40.73266443,-73.99734435
40.74831641,-73.98221812
40.74830542,-73.98219286
40.73584173,-73.98369007
40.7400077,-73.980066
40.74462941,-73.97762863
40.76660494,-73.96111606
40.72271194,-73.99696955
40.76564676,-73.98244815
40.80148391,-73.93442504
40.75416585,-73.9706918
40.7623984,-73.96468864
40.73851352,-74.0016888
40.80201346,-73.93411388
40.73328381,-73.98505822
40.76047198,-73.96598555
40.77643688,-73.95440545
40.79812268,-73.97015235
40.79812268,-73.97015235
40.73625456,-74.00296251
40.80009109,-73.9371317
40.74339443,-73.97846989
40.76176175,-73.96511493
40.70750863,-74.00519027
40.81654127,-73.94452595
40.74042662,-73.99998557
40.75540349,-73.96974558
40.75538976,-73.9697131
40.75537602,-73.96968423
40.73710148,-73.98304745
40.73710148,-73.98304745
40.73710148,-73.98304745
40.73710148,-73.98304745
40.81716687,-73.9441208
40.73467084,-74.00309955
40.76052005,-73.98581738
40.76052005,-73.98581738
40.76052005,-73.98581738
40.80823029,-73.95064131
40.80824678,-73.95068103
40.80826326,-73.95072075
40.79819247,-73.93847346
40.79819247,-73.93847346
40.7427742,-73.97889593
40.76237368,-73.96462367
40.74518369,-73.97681644
40.87169427,-73.91825118
40.80160469,-73.96635823
40.80320967,-73.93325303
40.74855377,-74.00353329
40.80066444,-73.93658576
40.75411094,-73.97060881
40.75411094,-73.97060881
40.75411094,-73.97060881
40.77250749,-73.95718813
40.84637628,-73.93404826
40.73082819,-74.0027566
40.81357014,-73.94751605
40.81657425,-73.9446054
40.75922736,-73.98657207
40.77398328,-73.9882985
40.77928548,-73.98320642
40.77928548,-73.98320642
40.72309617,-73.99580064
40.73622436,-74.00315736
40.73622436,-74.00315736
40.80192099,-73.93562378
40.80192099,-73.93562378
40.75724756,-73.96828648
40.81399787,-73.94653669
40.7314046,-74.00222262
40.86341497,-73.92871685
40.72947776,-74.00325446
40.80669411,-73.94080995
40.80669411,-73.94080995
40.736441,-73.99250169
40.75002885,-73.98049249
40.77913455,-73.96075128
40.71545995,-73.99074009
40.71545995,-73.99074009
40.77592492,-73.97736176
40.78635866,-73.96974957
40.71298157,-74.00730088
40.74394327,-73.97789591
40.74576545,-73.97618107
40.78089842,-73.95099015
40.78089842,-73.95099015
40.78089842,-73.95099015
40.80065558,-73.96834887
40.80065558,-73.96834887
40.73621613,-74.00322231
40.82174248,-73.93901171
40.79042222,-73.94402768
40.80190725,-73.93559129
40.81660722,-73.94468486
40.76247689,-73.984586
40.77931568,-73.98327863
40.77931568,-73.98327863
40.78203823,-73.98172526
40.76654726,-73.96097891
40.7081867,-74.00084041
40.79871814,-73.96959948
40.75351321,-73.99072758
40.75361793,-73.96457057
40.75361793,-73.96457057
40.75361793,-73.96457057
40.72187662,-73.98517983
40.72187662,-73.98517983
40.80306751,-73.96592766
40.81811943,-73.94439819
40.73987493,-74.00065677
40.7937701,-73.97241873
40.80832918,-73.95082907
40.76503201,-73.98288873
40.78788378,-73.97758159
40.78790574,-73.97763575
40.80317201,-73.93458953
40.80317201,-73.93458953
40.8140501,-73.94670645
40.80315827,-73.93455703
40.80315827,-73.93455703
40.81876151,-73.94403275
40.81876151,-73.94403275
40.73367433,-74.00681964
40.81375645,-73.95310824
40.80669413,-73.9408569
40.77582517,-73.96309287
40.72286833,-74.00477658
40.72635142,-74.00487424
40.78499204,-73.97076128
40.72375756,-73.99371893
40.74411555,-73.99777695
40.74411555,-73.99777695
40.74529295,-73.99476348
40.80393901,-73.95420962
40.80393901,-73.95420962
40.77301772,-73.95643684
40.77301772,-73.95643684
40.80319809,-73.95460384
40.80711371,-73.95188475
40.78435813,-73.97122377
40.78437461,-73.9712671
40.78439108,-73.97130681
40.78441031,-73.97135013
40.78442679,-73.97138985
40.78444327,-73.97143317
40.78446249,-73.97147289
40.78447897,-73.97151621
40.82032313,-73.94376769
40.82037801,-73.9437279
40.82043288,-73.94368811
40.82047678,-73.94365555
40.82056458,-73.94359406
40.8206222,-73.94355065
40.82068256,-73.94350725
40.82074018,-73.94346384
40.82305789,-73.94034014
40.82307438,-73.94037987
40.82309087,-73.9404196
40.82310736,-73.94045933
40.82312384,-73.94049544
40.72375756,-73.99374058
40.75362851,-73.99095856
40.78542487,-73.97961185
40.78542487,-73.97961185
40.82173272,-73.94136382
40.8209432,-73.94329025
40.8209871,-73.9432613
40.82105021,-73.94321067
40.82107765,-73.94319258
40.82113526,-73.94314917
40.82117093,-73.94312385
40.8209432,-73.94329025
40.8209871,-73.9432613
40.82105021,-73.94321067
40.82107765,-73.94319258
40.82113526,-73.94314917
40.82117093,-73.94312385
40.80982211,-73.95035475
40.72390586,-73.99542177
40.82117093,-73.94312385
40.72352969,-73.99281702
40.80522329,-73.94151201
40.72090591,-74.00175329
40.71311595,-74.00893133
40.77921263,-73.97501366
40.78311499,-73.97217038
40.79216543,-73.9658574
40.87202608,-73.91783134
40.74420064,-73.99798266
40.74555304,-73.98665061
40.80681203,-73.9461993
40.79968118,-73.96825904
40.73790306,-73.9838339
40.70855449,-74.0013562
40.81928814,-73.94329888
40.72347006,-73.97743009
40.70858743,-74.00128767
40.80063351,-73.96794796
40.80069938,-73.96794071
40.80076526,-73.96793345
40.80083113,-73.9679262
40.800897,-73.96791894
40.80096287,-73.96790807
40.80102874,-73.96790082
40.80109461,-73.96789356
40.73604865,-74.00453937
40.82449083,-73.94072185
40.78547705,-73.97978877
40.80227481,-73.9677738
40.72403482,-73.99448014
40.72407873,-73.9944621
40.73141832,-74.00213242
40.8066694,-73.94079913
40.74449611,-73.98495466
40.71558627,-73.99152286
40.72374103,-73.99275927
40.82684764,-73.93899619
40.82691075,-73.93895278
40.82697385,-73.93890574
40.82703696,-73.93886233
40.73198097,-74.00341334
40.77957881,-73.98091351
40.85387364,-73.93202738
40.71167232,-74.0072322
40.86127623,-73.92772134
40.78313147,-73.97221009
40.78313147,-73.97221009
40.78702004,-73.96937009
40.82866942,-73.93766117
40.82866942,-73.93766117
40.82252628,-73.9477872
40.72138176,-73.97992726
40.72480603,-73.99329311
40.72480603,-73.99329311
40.71863573,-73.99194093
40.74911924,-73.99940089
40.714719,-73.99268089
40.76414349,-73.9726837
40.7375609,-73.99317635
40.77753444,-73.9609472
40.77750697,-73.96088583
40.77749598,-73.96085334
40.77748224,-73.96082085
40.73321608,-73.99566288
40.73321608,-73.99566288
40.72705135,-74.00452433
40.73476398,-73.99283746
40.73724233,-73.99061798
40.77165656,-73.96515307
40.77753444,-73.9609472
40.81806585,-73.9472018
40.86301413,-73.9242307
40.86301413,-73.9242307
40.86129547,-73.92775748
40.74184016,-74.00155897
40.71963508,-74.00220419
40.7788207,-73.97775074
40.75228214,-73.97965447
40.80321531,-73.95653266
40.80451869,-73.95558182
40.80453792,-73.95562515
40.8045544,-73.95566488
40.73259853,-74.00379224
40.71953902,-74.00210318
40.8228967,-73.94751592
40.80105382,-73.96929862
40.80105382,-73.96929862
40.80321807,-73.95658684
40.75470589,-73.9681397
40.75469216,-73.96810362
40.75470589,-73.9681397
40.75469216,-73.96810362
40.78089209,-73.9490367
40.78087835,-73.9490006
40.78086186,-73.94896811
40.80133843,-73.95793171
40.80133843,-73.95793171
40.73916399,-74.00325493
40.75469216,-73.96810362
40.73323772,-74.00954022
40.78377568,-73.98195588
40.79155871,-73.9762983
40.71874554,-73.99230888
40.80134667,-73.95794976
40.74927289,-73.99625012
40.79667405,-73.9725006
40.79876198,-73.93593023
40.79874824,-73.93589774
40.79872076,-73.93582914
40.82043857,-73.94409276
40.8204633,-73.94414693
40.82048528,-73.94420472
40.82051001,-73.94426251
40.73017685,-73.98592125
40.75593251,-73.96715373
40.76791873,-73.9584113
40.76791873,-73.9584113
40.77961067,-73.94988621
40.79218716,-73.97583943
40.7346724,-73.98325014
40.78019356,-73.9804656
40.77444387,-73.95356918
40.77700946,-73.95177652
40.7259395,-74.00850732
40.82164575,-73.94308732
40.72163869,-74.00438326
40.79531567,-73.93297563
40.79537054,-73.93293946
40.79542267,-73.93289968
40.7954748,-73.9328599
40.79552692,-73.93282373
40.7955818,-73.93278395
40.79583146,-73.9325995
40.79638406,-73.93418447
40.79637032,-73.93415197
40.79635658,-73.93411948
40.79634284,-73.93408699
40.7963291,-73.9340545
40.79631535,-73.93402201
40.79630161,-73.93398952
40.79628787,-73.93396064
40.79627413,-73.93392815
40.79626039,-73.93389565
40.79624664,-73.93386316
40.79623565,-73.93383067
40.7962219,-73.93379818
40.79620816,-73.93376569
40.79619442,-73.9337332
40.79618068,-73.9337007
40.75529036,-73.96757996
40.73577409,-74.00637963
40.78317467,-73.98249769
40.78317467,-73.98249769
40.72594772,-74.00859391
40.80111149,-73.96938889
40.74367915,-74.00043306
40.78710466,-73.9796655
40.7871129,-73.97969078
40.78712388,-73.97971966
40.78713486,-73.97974494
40.78714585,-73.97977021
40.78715683,-73.9797991
40.78716782,-73.97982437
40.7871788,-73.97984965
40.78710466,-73.9796655
40.7871129,-73.97969078
40.78712388,-73.97971966
40.78713486,-73.97974494
40.78714585,-73.97977021
40.78715683,-73.9797991
40.78716782,-73.97982437
40.7871788,-73.97984965
40.7381786,-74.00413536
40.71575374,-73.99215051
40.71575374,-73.99215051
40.76596788,-73.96926786
40.72885963,-73.98825952
40.72170182,-73.99564199
40.74687041,-73.98571562
40.79430635,-73.9392716
40.79932157,-73.93532651
40.79932157,-73.93532651
40.78020879,-73.94936219
40.8180242,-73.94615772
40.76989163,-73.95688294
40.7698779,-73.95685046
40.76986142,-73.95681797
40.76984768,-73.95678188
40.76983394,-73.9567494
40.76982021,-73.9567133
40.76980373,-73.95668082
40.76978999,-73.95664834
40.76977625,-73.95661225
40.78973523,-73.94239594
40.75590229,-73.96703824
40.80330596,-73.95674571
40.8192616,-73.94517401
40.74659944,-73.97427884
40.74656374,-73.97419224
40.74653078,-73.97410563
40.74649508,-73.97402264
40.74645938,-73.97393604
40.74709073,-73.9741812
40.74714561,-73.97414148
40.81296043,-73.96028698
40.73278517,-74.00390771
40.73278517,-74.00390771
40.78711016,-73.97972689
40.78711016,-73.97972689
40.71998091,-74.00269122
40.72744241,-73.98124955
40.76925501,-73.95730214
40.76925501,-73.95730214
40.76925501,-73.95730214
40.76925501,-73.95730214
40.78334222,-73.9470199
40.77633441,-73.95214168
40.80332245,-73.95678904
40.81037434,-73.95162591
40.82166773,-73.94313788
40.78258737,-73.98302504
40.78258737,-73.98302504
40.79870701,-73.93579664
40.79869053,-73.93576054
40.76925501,-73.95730214
40.76924128,-73.95726965
40.76922754,-73.95723356
40.76921106,-73.95720108
40.76925501,-73.95730214
40.76924128,-73.95726965
40.76922754,-73.95723356
40.76921106,-73.95720108
40.76925501,-73.95730214
40.76924128,-73.95726965
40.76922754,-73.95723356
40.76921106,-73.95720108
40.76925501,-73.95730214
40.76924128,-73.95726965
40.76922754,-73.95723356
40.76921106,-73.95720108
40.76717497,-73.95858866
40.81933032,-73.9453835
40.78578459,-73.98052173
40.75098841,-74.00177934
40.7345927,-73.98251767
40.77438892,-73.95343924
40.77438892,-73.95343924
40.77438892,-73.95343924
40.77438892,-73.95343924
40.77438892,-73.95343924
40.78332848,-73.9469838
40.81931106,-73.94528597
40.76009767,-73.98862943
40.78194791,-73.98347656
40.73507858,-73.9829325
40.73010547,-73.98575169
40.74436535,-73.97491847
40.7253358,-73.99388474
40.76922754,-73.95723356
40.80050504,-73.96989845
40.80050504,-73.96989845
40.78902452,-73.94273963
40.73009174,-73.98571922
40.72711393,-73.987881
40.80398929,-73.95646713
40.80398929,-73.95646713
40.81939077,-73.94552074
40.75521895,-73.96741035
40.75520522,-73.96737787
40.72007972,-74.00283192
40.79227857,-73.94036411
40.79227857,-73.94036411
40.79603465,-73.93762672
40.7271304,-73.98787017
40.7271304,-73.98787017
40.76921106,-73.95720108
40.80314497,-73.9680804
40.73937532,-74.0037421
40.81878165,-73.94596563
40.74434887,-74.00020931
40.76074814,-73.98826112
40.76137663,-73.98780257
40.72514347,-73.99082894
40.74571739,-73.98402328
40.72278874,-74.00459619
40.73056466,-74.00390397
40.73056466,-74.00390397
40.71266602,-73.99439812
40.8095931,-73.94192721
40.7271002,-73.98784853
40.7271002,-73.98784853
40.78013735,-73.94919254
40.80313675,-73.9681093
40.78986008,-73.97809735
40.74201033,-74.00196676
40.7420268,-74.00200645
40.74204326,-74.00204615
40.74206248,-74.00208585
40.73518836,-73.98287835
40.73518836,-73.98287835
40.75521894,-73.96736704
40.75647577,-73.96645322
40.77690781,-73.95153829
40.77889438,-73.95009256
40.77889438,-73.95009256
40.73254368,-73.99809847
40.73252172,-73.99804796
40.73249976,-73.99799744
40.73247506,-73.99794332
40.7324531,-73.99789281
40.73243114,-73.99783868
40.73240918,-73.99778817
40.73238722,-73.99773766
40.73236252,-73.99768353
40.73234056,-73.99763302
40.74143941,-74.00238896
40.78520005,-73.98105273
40.79740135,-73.97227998
40.7730526,-73.95435361
40.7730224,-73.95433197
40.77296745,-73.95419481
40.71966253,-74.00227274
40.77688035,-73.95151665
40.80182228,-73.9690382
40.81944847,-73.94565799
40.76015258,-73.98880268
40.75457679,-73.96778965
40.77303886,-73.95432112
40.78587465,-73.94495956
40.76978999,-73.95664834
40.77559619,-73.952413
40.74204326,-74.00204615
40.72600256,-74.00931188
40.72601354,-74.0094093
40.72602176,-74.0095031
40.72603273,-74.00959691
40.72600256,-74.00931188
40.72601354,-74.0094093
40.72602176,-74.0095031
40.72603273,-74.00959691
40.72600256,-74.00931188
40.72603274,-74.00945981
40.72601354,-74.0094093
40.72604097,-74.00953919
40.72602176,-74.0095031
40.7260492,-74.00962217
40.72603273,-74.00959691
40.72605743,-74.00970154
40.72604096,-74.00969072
40.72606565,-74.00978452
40.72605193,-74.00978813
40.72609308,-74.0100479
40.72610952,-74.01038344
40.72610131,-74.01012006
40.72610679,-74.01019583
40.72607661,-74.01005151
40.72611502,-74.01026798
40.72609032,-74.010185
40.72612325,-74.01034375
40.72610403,-74.01031489
40.72612873,-74.01041591
40.726115,-74.01044838
40.72613696,-74.01049168
40.72612871,-74.01058187
40.72614518,-74.01056383
40.72614242,-74.01071536
40.72615067,-74.0106396
40.72615889,-74.01071176
40.7634211,-73.9612948
40.80142465,-73.97041454
40.80105382,-73.96929862
40.80108677,-73.9693275
40.80106206,-73.96932029
40.80109501,-73.96934917
40.80107305,-73.96934195
40.80110325,-73.96936722
40.80108129,-73.96936362
40.80111149,-73.96938889
40.80108953,-73.96938168
40.80111973,-73.96941056
40.80110051,-73.96940334
40.80112797,-73.96942862
40.80110875,-73.96942501
40.80113895,-73.96945028
40.80111699,-73.96944668
40.80114719,-73.96947195
40.80112798,-73.96946835
40.80115543,-73.96949362
40.80113622,-73.96949001
40.80116367,-73.96951167
40.76710716,-73.98378349
40.78327351,-73.98269266
40.78949767,-73.96627768
40.76977625,-73.95661225
40.78260125,-73.94724798
40.78260125,-73.94724798
40.74206248,-74.00208585
40.75955702,-73.98935145
40.79112248,-73.97720131
40.76205456,-73.98752088
40.76207103,-73.98756058
40.76209025,-73.98760029
40.76210672,-73.98763999
40.76212319,-73.98768331
40.75009083,-73.99623925
40.75017866,-73.99644136
40.72725844,-73.98081304
40.73068728,-73.98510932
40.73068728,-73.98510932
40.75950787,-73.96365419
40.77948151,-73.94953606
40.73781356,-74.00385749
40.7532664,-73.99392549
40.75328287,-73.9939688
40.75329934,-73.9940085
40.75577046,-73.9667712
40.72882649,-73.98641583
40.78195918,-73.94767818
40.79611677,-73.93236807
40.76081952,-73.98847408
40.79113622,-73.9772338
40.76207103,-73.98756058
40.76209025,-73.98760029
0,0
40.76212319,-73.98768331
40.76213966,-73.98772301
40.76207103,-73.98756058
40.76209025,-73.98760029
40.76210672,-73.98763999
40.76212319,-73.98768331
40.76213966,-73.98772301
40.77946777,-73.94950357
40.78134731,-73.94812641
40.77939834,-73.98560754
40.77299844,-73.96421366
40.77298471,-73.96418118
40.77297372,-73.9641523
40.77295999,-73.96411981
40.77294626,-73.96408733
40.77293252,-73.96405845
40.77291879,-73.96402596
40.7729078,-73.96399709
40.77289407,-73.9639646
40.77288033,-73.96393572
40.7728666,-73.96390324
40.77285561,-73.96387075
40.77284188,-73.96384188
40.77282814,-73.96380939
40.7124383,-73.99702412
40.73702545,-73.99006231
40.73702545,-73.99006231
40.82819397,-73.94173753
40.8107178,-73.94067632
40.78506893,-73.97090208
40.77165035,-73.95515967
40.77163662,-73.95512358
40.77162288,-73.95509109
40.77160914,-73.95505861
40.76256472,-73.96124476
40.76255374,-73.9612195
40.76254275,-73.96119423
40.76253176,-73.96116897
40.76252077,-73.9611401
40.76250979,-73.96111484
40.7624988,-73.96108958
40.76248781,-73.96106431
40.76247682,-73.96103905
40.76158187,-73.96053781
40.76163126,-73.96050169
40.76168065,-73.96046556
40.76182334,-73.96036079
40.74754905,-73.99314285
40.75944196,-73.96354233
40.7710165,-73.95561861
40.78925911,-73.97877285
40.76400829,-73.96074214
40.77556869,-73.95230109
40.82377197,-73.9468757
40.82377197,-73.9468757
40.77617782,-73.95181684
40.77617782,-73.95181684
40.75201091,-73.96946198
40.75574024,-73.96665933
40.77555495,-73.952265
40.78319934,-73.94668058
40.82381313,-73.94684677
40.79718937,-73.93613761
40.79718937,-73.93613761
40.79718937,-73.93613761
40.77162288,-73.95509109
40.77162288,-73.95509109
40.79659687,-73.93679189
40.74370947,-73.97542395
40.77425155,-73.95311439
40.7768089,-73.95130368
40.78794181,-73.97969052
40.71974761,-74.00239539
40.79001999,-73.941027
40.73563827,-73.98138436
40.77551102,-73.95220726
40.74214756,-74.00229155
40.74214756,-74.00229155
40.72637835,-73.98801102
40.77878173,-73.94982184
40.77222652,-73.95455996
40.74216403,-74.00233124
40.76028985,-73.98912392
40.73593177,-73.98022959
40.77614758,-73.95170493
40.75904382,-73.99003376
40.78865264,-73.97940502
40.78865264,-73.97940502
40.75904382,-73.99003376
40.75906303,-73.99007707
40.75907951,-73.99011678
40.75909598,-73.99015648
40.75911245,-73.99019618
40.75913167,-73.9902395
40.75914814,-73.9902792
40.75904382,-73.99003376
40.75906303,-73.99007707
40.75907951,-73.99011678
40.75909598,-73.99015648
40.75911245,-73.99019618
40.75913167,-73.9902395
40.75914814,-73.9902792
40.72747388,-73.99235478
40.77750697,-73.96088583
40.77750697,-73.96088583
40.77750697,-73.96088583
40.71561932,-73.99325435
40.71574546,-73.99144347
40.73518956,-73.99582513
40.75443398,-73.96749736
40.76767698,-73.95783744
40.75443398,-73.96749736
40.75442025,-73.96746488
40.75440651,-73.9674288
40.75439278,-73.96739632
40.7543763,-73.96736384
40.75436257,-73.96732775
40.75434884,-73.96729528
40.75443398,-73.96749736
40.75442025,-73.96746488
40.75440651,-73.9674288
40.75439278,-73.96739632
40.7543763,-73.96736384
40.75436257,-73.96732775
40.75434884,-73.96729528
40.76190886,-73.96162056
40.76192258,-73.96160972
40.76189512,-73.9615953
40.76191159,-73.96158446
40.76188414,-73.96156643
40.76189786,-73.96155559
40.76187315,-73.96153756
40.76188687,-73.96152672
40.76186216,-73.96150868
40.76187588,-73.96150146
40.76184843,-73.96148342
40.76186489,-73.96147258
40.76183744,-73.96145455
40.76185116,-73.96144371
40.76184017,-73.96141484
40.76182918,-73.96138958
40.76181545,-73.96136071
40.76156607,-73.98825015
40.72615087,-73.99189312
40.72615087,-73.99189312
40.77419662,-73.95303139
40.76093757,-73.98875562
40.744541,-74.00070734
40.74455747,-74.00074703
40.74457394,-74.00078673
40.74459315,-74.00082643
40.74460962,-74.00086974
40.74462609,-74.00090943
40.74464256,-74.00094913
40.74465902,-74.00098883
40.72704701,-73.9803116
40.79650089,-73.93211125
40.72774579,-74.00412028
40.72775127,-74.00417801
40.72775676,-74.00423935
40.75936505,-73.9633655
40.77418289,-73.95299891
40.80902235,-73.95446982
40.82372947,-73.94406109
40.7287249,-73.98613443
40.76535351,-73.98559253
40.75376162,-73.96785141
40.78120445,-73.94783043
40.79649796,-73.93660418
40.79648421,-73.93656808
40.79647047,-73.93653558
40.79645673,-73.93650309
40.79644299,-73.9364706
40.79642924,-73.9364345
40.79658868,-73.93204615
40.79663258,-73.9320136
40.79667647,-73.93198105
40.79651167,-73.93659333
40.79651167,-73.93659333
40.75938975,-73.96337631
40.76188687,-73.96152672
40.76188687,-73.96152672
40.74166447,-74.00291944
40.78802418,-73.97988189
40.75911245,-73.99019618
40.75913167,-73.9902395
40.76448836,-73.95998738
40.82470456,-73.95172028
40.82470456,-73.95172028
40.73052803,-73.98473411
40.75937877,-73.96335105
40.76054492,-73.96221695
40.76187588,-73.96150146
40.75975743,-73.98978458
40.78803517,-73.97991439
40.71589647,-73.99207834
40.71589647,-73.99207834
40.73224445,-74.00383191
40.80761744,-73.94300178
40.72924443,-73.99591931
40.78318365,-73.97233284
40.78381757,-73.97186676
40.74039087,-74.00405611
40.74103591,-74.00344267
40.7597739,-73.9898279
40.7305143,-73.98470164
40.8058036,-73.95657793
40.80582008,-73.95661765
40.80583657,-73.95665737
40.80585305,-73.9566971
40.80586953,-73.95673682
40.80588601,-73.95677293
40.8059025,-73.95681265
40.80591898,-73.95685238
40.80593546,-73.9568921
40.75747992,-73.96500888
40.75747992,-73.96500888
40.8058036,-73.95657793
40.80582008,-73.95661765
40.80583657,-73.95665737
40.80585305,-73.9566971
40.80586953,-73.95673682
40.80588601,-73.95677293
40.8059025,-73.95681265
40.80591898,-73.95685238
40.80593546,-73.9568921
40.80422396,-73.96024885
40.71707692,-74.0038635
40.75436256,-73.96728444
40.73088309,-73.99759338
40.73088309,-73.99759338
40.7378711,-73.99391246
40.73789031,-73.99395937
40.73790953,-73.99400627
40.82441402,-73.94640909
40.79644299,-73.9364706
40.76444715,-73.95988633
40.75979312,-73.98991814
40.73205787,-74.00071081
40.72673549,-73.99166215
40.71713456,-74.003813
40.76895557,-73.95659473
40.75024502,-73.97690852
40.72671628,-73.99169101
40.73210179,-74.00068195
40.77801051,-73.94994157
40.79680816,-73.93188701
40.79680816,-73.93188701
40.8064814,-73.9561982
40.74467549,-74.000978
40.75857179,-73.99085682
40.74409086,-74.00145797
40.76107484,-73.98908048
40.73436886,-74.00465472
40.7429353,-74.00229879
40.82815632,-73.94918117
40.7716181,-73.96506644
40.77749598,-73.96085334
40.72190751,-74.00754718
40.7225361,-74.00703857
40.72256352,-74.00735605
40.72254706,-74.00735965
40.72190751,-74.00754718
40.73520878,-73.99587204
40.80885212,-73.94211208
40.81010051,-73.94120428
40.74896741,-73.98584149
40.77600182,-73.97758559
40.75791858,-73.99144167
40.75791858,-73.99144167
40.74295177,-74.0023421
40.76626913,-73.95837984
40.81095407,-73.95305603
40.7494788,-73.99835063
40.7494788,-73.99835063
40.85009653,-73.93135531
40.85013769,-73.93132635
40.71253976,-73.9943837
40.71247663,-73.99437288
40.80658307,-73.95649072
40.76488701,-73.98646624
40.74357209,-74.00199567
40.75048653,-73.97673158
40.75053592,-73.97669908
40.75058258,-73.97666297
40.76323762,-73.98833288
40.76324861,-73.98835815
40.76325684,-73.98838342
40.80791121,-73.95569515
40.83110866,-73.947018
40.74875668,-73.99224045
40.80792495,-73.95572404
40.7381429,-74.00455395
40.79022805,-73.96724154
40.76056438,-73.98977363
40.84757878,-73.93964224
40.72118855,-74.00438684
40.72118855,-74.00438684
40.83411608,-73.94533884
40.74937612,-73.9838636
40.73212916,-74.00423241
40.71921784,-74.0038059
40.82546488,-73.94563862
40.82806441,-73.94064279
40.86321975,-73.91982341
40.71614611,-73.99036844
40.71620375,-73.99033597
40.82816318,-73.94057043
40.77421405,-73.96320569
40.77420031,-73.9631732
40.77418658,-73.96314071
40.77417285,-73.96311184
40.77416186,-73.96307935
40.77414812,-73.96305047
40.77413439,-73.96301799
40.77412065,-73.9629855
40.850744,-73.93088474
40.86413329,-73.91918962
40.86436647,-73.91902303
40.86446525,-73.91897591
40.8641031,-73.91918242
40.86427318,-73.91906291
40.82563224,-73.94549395
40.78512111,-73.97102483
40.78512111,-73.97102483
40.7864795,-73.97003479
40.77295999,-73.96411981
40.77293252,-73.96405845
40.77289407,-73.9639646
40.77288033,-73.96393572
40.72149869,-74.00483781
40.72062044,-73.99715724
40.72913449,-74.00704287
40.73573024,-74.00506978
40.86865762,-73.91309906
40.73337764,-74.01025106
40.74953636,-73.99540918
40.73580984,-74.00506979
40.73586748,-74.00508783
40.73328193,-73.9951469
40.80052933,-73.94616104
40.74576981,-73.9860587
40.76850134,-73.96950497
40.73588406,-74.00092736
40.71834468,-74.00942265
40.71471891,-73.99132817
40.76716157,-73.96827093
40.77420031,-73.9631732
40.77541455,-73.97812737
40.77541455,-73.97812737
40.71866337,-74.00441193
40.75815986,-73.9625937
40.75815986,-73.9625937
40.7741436,-73.95093014
40.73586748,-74.00508783
40.8285473,-73.94028824
40.76179686,-73.9907878
40.76181333,-73.9908275
40.76183255,-73.99086721
40.77476644,-73.95043504
40.72801929,-73.98450017
40.76112167,-73.99109111
40.76114638,-73.99115247
40.76117383,-73.99121383
40.76112167,-73.99109111
40.76114638,-73.99115247
40.76117383,-73.99121383
40.71882537,-74.00235929
40.76197962,-73.95985532
40.79584107,-73.93500123
40.72623811,-73.98576334
40.80485805,-73.96041463
40.74113737,-74.00579193
40.74113737,-74.00579193
40.74113737,-74.00579193
40.74542753,-74.00276803
40.76245556,-73.99036535
40.7735015,-73.95133137
40.77335589,-73.95099209
40.77334489,-73.95096322
40.7733339,-73.95093795
40.77332017,-73.95090908
40.77330918,-73.9508802
40.77329819,-73.95085133
40.7732872,-73.95082606
40.77327346,-73.95079719
40.77326247,-73.95076832
40.75730392,-73.99392151
40.72563284,-73.97697116
40.79647754,-73.93445164
40.79647754,-73.93445164
40.81115539,-73.94300598
40.81377789,-73.95184742
40.76883661,-73.98581199
40.84400758,-73.93899853
40.74993159,-73.99512042
40.73119738,-73.98214331
40.74546321,-74.00285104
40.74239571,-73.98053803
40.74244237,-73.98050554
40.72840939,-73.98725297
40.72514067,-73.99019036
40.70557586,-74.01144784
40.727098,-74.00484904
40.71293231,-73.99563535
40.71622845,-73.99034678
40.71399974,-74.00925971
40.79784568,-73.96162512
40.81016644,-73.9413126
40.74555332,-73.98933565
40.7483252,-73.98634329
40.77418508,-73.97905567
40.7964638,-73.93441915
40.76890263,-73.95454418
40.76890263,-73.95454418
40.76890263,-73.95454418
40.77144077,-73.95269396
40.82436422,-73.94556364
40.75998818,-73.99231856
40.76000465,-73.99235826
40.76002113,-73.99239797
40.76004034,-73.99244128
40.76005681,-73.99248099
40.76007328,-73.99252069
40.76008976,-73.9925604
40.76010623,-73.99260371
40.76012544,-73.99264342
40.76014191,-73.99268312
40.76015838,-73.99272283
40.76017486,-73.99276614
40.76019407,-73.99280585
40.76021054,-73.99284555
40.76022701,-73.99288526
40.77797942,-73.94791601
40.77797942,-73.94791601
40.74547967,-74.00289074
40.74547967,-74.00289074
40.74547967,-74.00289074
40.78363501,-73.97798023
40.7836844,-73.97794411
40.78363501,-73.97798023
40.78363501,-73.97798023
40.78363501,-73.97798023
40.77596542,-73.94934736
40.8112816,-73.94291556
40.82618318,-73.94392172
40.76000465,-73.99235826
40.76000465,-73.99235826
40.7733339,-73.95093795
40.77332017,-73.95090908
40.77330918,-73.9508802
40.7733339,-73.95093795
40.76753024,-73.98686642
40.7682413,-73.95494536
40.76887516,-73.95448283
40.76887516,-73.95448283
40.80979273,-73.94047124
40.80981196,-73.94051457
40.8098312,-73.94056151
40.80985044,-73.94060846
40.80986967,-73.94065179
40.80988891,-73.94069873
40.80979273,-73.94047124
40.80981196,-73.94051457
40.8098312,-73.94056151
40.80985044,-73.94060846
40.80986967,-73.94065179
40.80988891,-73.94069873
40.82556859,-73.94439557
40.82556859,-73.94439557
40.77406116,-73.95069552
40.72003943,-73.97912319
40.76379219,-73.9896504
40.84680405,-73.9382767
40.75014018,-73.99494356
40.72792869,-73.98428732
40.84700987,-73.93821506
40.76624916,-73.95635462
40.76624916,-73.95635462
40.72873921,-73.9923835
40.76005406,-73.99243045
40.76005406,-73.99243045
40.76380866,-73.98969011
40.83035428,-73.94217649
40.83035428,-73.94217649
40.79642529,-73.93428194
40.72782435,-73.98398788
40.76007054,-73.99247016
40.77329819,-73.95085133
40.7732872,-73.95082606
40.77327346,-73.95079719
40.77326247,-73.95076832
40.74554829,-74.00305314
40.74556476,-74.00309284
40.74558122,-74.00313254
40.74560043,-74.00317585
40.7456169,-74.00321555
40.74563337,-74.00325525
40.74564984,-74.00329495
40.7456663,-74.00333825
40.74568552,-74.00337795
40.74570198,-74.00341765
40.74571845,-74.00346096
40.74573492,-74.00350066
40.74575413,-74.00354036
40.7457706,-74.00358006
40.74578706,-74.00362337
40.74580353,-74.00366307
40.74582,-74.00370276
40.74583921,-74.00374246
40.74585568,-74.00378577
40.74587214,-74.00382547
40.74588861,-74.00386517
40.74590782,-74.00390487
40.71474087,-73.99140392
40.71474087,-73.99140392
40.77289957,-73.96401875
40.85587974,-73.93155178
40.7668336,-73.95584161
40.7668336,-73.95584161
40.7746428,-73.95014629
40.82563179,-73.94455089
40.7689382,-73.98605385
40.7689382,-73.98605385
40.75365667,-73.96560283
40.72613378,-73.98551442
40.77137756,-73.95249905
40.77262863,-73.95123813
40.79824139,-73.93270903
40.76827678,-73.98659191
40.77136382,-73.95246657
40.77136382,-73.95246657
40.8263178,-73.94419622
40.8263178,-73.94419622
40.72906488,-73.98329484
40.72906488,-73.98329484
40.7963676,-73.93419532
40.7963676,-73.93419532
40.73053433,-74.00679406
40.83594585,-73.93803019
40.74085452,-73.99194185
40.74087648,-73.99198876
40.7408957,-73.99203567
40.74091492,-73.99208259
40.72520421,-74.00136736
40.72525361,-74.00132768
40.72530028,-74.00128438
40.72534694,-74.0012447
40.72539634,-74.00120501
40.725443,-74.00116533
40.72548967,-74.00112564
40.72553907,-74.00108235
40.72610632,-73.98544948
40.76293969,-73.95820504
40.76293969,-73.95820504
40.76945679,-73.95384703
40.77399247,-73.9505331
40.82382112,-73.94633008
40.76137972,-73.99166142
40.76137972,-73.99166142
40.76137972,-73.99166142
40.76137972,-73.99166142
40.72520421,-74.00136736
40.72130391,-73.99873373
40.78291523,-73.9747884
40.773246,-73.95077555
40.773246,-73.95077555
40.82385137,-73.94644206
40.82569774,-73.94470621
40.83595684,-73.93805547
40.82569497,-73.94465201
40.74690421,-74.00232419
40.74457111,-74.00441725
40.74458758,-74.00445334
40.7446013,-74.00448943
40.76291772,-73.95815451
40.76816161,-73.95470714
40.76816161,-73.95470714
40.77586923,-73.94907665
40.77586923,-73.94907665
40.75536625,-73.99700777
40.75537998,-73.99703664
40.71986464,-73.98467883
40.77029815,-73.96594443
40.72151526,-74.00123741
40.72151526,-74.00123741
40.80315612,-73.94634674
40.75664918,-73.9804725
40.72908503,-73.99211285
40.75071632,-73.99081098
40.72308754,-74.01040461
40.72315341,-74.0103938
40.72321929,-74.01038299
40.72328242,-74.01037217
40.77456038,-73.94995139
40.7446013,-74.00448943
40.72605416,-73.98532322
40.74761236,-74.00191639
40.7664517,-73.98819514
40.85303782,-73.93428746
40.7334412,-73.99730824
40.73346041,-73.99735153
40.73347688,-73.99739483
40.73349609,-73.99743813
40.75973026,-73.99360725
40.79692989,-73.93353021
40.79692989,-73.93353021
40.72963843,-73.98263082
40.72760194,-73.98345396
40.72760194,-73.98345396
40.75751838,-73.97582673
40.75541566,-73.99711966
40.81479776,-73.94913718
40.85452229,-73.93357387
40.72757723,-73.98339624
40.72708702,-74.00490677
40.72483599,-73.99011103
40.76653315,-73.96871887
40.77288584,-73.96398988
40.71690676,-73.99674616
40.72156466,-74.00116887
40.73560131,-74.0028434
40.73312283,-73.99841959
40.79688869,-73.93347607
40.78580098,-73.9800884
40.72755252,-73.98333852
40.74768098,-74.0020788
40.78466139,-73.97723602
40.79687495,-73.93344358
40.83536716,-73.93886551
40.79686121,-73.9334147
40.7652853,-73.98935776
40.7652853,-73.98935776
40.7652853,-73.98935776
40.77710656,-73.94784086
40.77709282,-73.94780838
40.73528838,-73.99605967
40.73530759,-73.99610658
40.73532681,-73.99615348
40.79687492,-73.93340385
40.79687492,-73.93340385
40.77449442,-73.94974925
40.77449442,-73.94974925
40.77119625,-73.95211288
40.77709282,-73.94780838
40.76181347,-73.99274791
40.76181347,-73.99274791
40.7598181,-73.9938166
40.81386384,-73.95397158
40.81386384,-73.95397158
40.76587999,-73.96906213
40.82861376,-73.94143364
40.78517329,-73.97114759
40.78518977,-73.9711873
40.78520625,-73.97122702
40.78522273,-73.97126673
40.78524195,-73.97131005
40.78525843,-73.97134977
40.82481485,-73.94662556
40.82482584,-73.94665807
40.82483958,-73.94669058
40.82485332,-73.94672309
40.82486706,-73.94675559
40.82488079,-73.9467881
40.82489453,-73.94682061
40.82490827,-73.94685312
40.82492201,-73.94688563
40.82493575,-73.94691813
40.82494949,-73.94695064
40.82496323,-73.94698315
40.82497696,-73.94701566
40.82498796,-73.94704817
40.82481485,-73.94662556
40.82482584,-73.94665807
40.82483958,-73.94669058
40.82485332,-73.94672309
40.82486706,-73.94675559
40.82488079,-73.9467881
40.82489453,-73.94682061
40.82490827,-73.94685312
40.82492201,-73.94688563
40.82493575,-73.94691813
40.82494949,-73.94695064
40.82496323,-73.94698315
40.82497696,-73.94701566
40.82498796,-73.94704817
40.82481485,-73.94662556
40.82482584,-73.94665807
40.82483958,-73.94669058
40.82485332,-73.94672309
40.82486706,-73.94675559
40.82488079,-73.9467881
40.82489453,-73.94682061
40.82490827,-73.94685312
40.82492201,-73.94688563
40.82493575,-73.94691813
40.82494949,-73.94695064
40.82496323,-73.94698315
40.82497696,-73.94701566
40.82498796,-73.94704817
40.82481485,-73.94662556
40.82482584,-73.94665807
40.82483958,-73.94669058
40.82485332,-73.94672309
40.82486706,-73.94675559
40.82488079,-73.9467881
40.82489453,-73.94682061
40.82490827,-73.94685312
40.82492201,-73.94688563
40.82493575,-73.94691813
40.82494949,-73.94695064
40.82496323,-73.94698315
40.82497696,-73.94701566
40.82498796,-73.94704817
40.72048323,-74.00097404
40.73116838,-74.00671475
40.74582,-74.00370276
40.75549801,-73.99731456
40.77116326,-73.95199376
40.75986477,-73.99392128
40.81513527,-73.94894183
40.75861596,-73.99502233
40.81271542,-73.93963412
40.81272916,-73.93966301
40.82677396,-73.94531958
40.82801963,-73.94440798
40.82803337,-73.94444049
40.8280471,-73.944473
40.82165946,-73.94892599
40.82165946,-73.94892599
40.82678768,-73.94531234
40.82289693,-73.94802899
40.76354253,-73.99100054
40.82417007,-73.94713915
40.82418381,-73.94717527
40.76712312,-73.96818069
40.77873351,-73.95984883
40.78452064,-73.95570349
40.78452064,-73.95570349
40.78452064,-73.95570349
40.71591575,-73.99310282
40.73812642,-74.00475963
40.73559033,-74.00290835
40.73466534,-73.99657209
40.8089483,-73.94233958
40.7408957,-73.99203567
40.7408957,-73.99203567
40.7408957,-73.99203567
40.78516507,-73.97117648
40.7223579,-74.0009885
40.72376283,-74.00948835
40.82681516,-73.94537374
40.76230747,-73.9919537
40.72383968,-74.00947754
40.82361594,-73.94779718
40.8242223,-73.94731254
40.82991834,-73.94311638
40.82556951,-73.94634312
40.82992933,-73.94314527
40.82992933,-73.94314527
40.82918283,-73.94326154
40.82918283,-73.94326154
40.8298826,-73.94298993
40.83701094,-73.93829662
40.83701094,-73.93829662
40.83701094,-73.93829662
40.82232355,-73.94861837
40.82232355,-73.94861837
40.82808832,-73.94457053
40.81294156,-73.94172198
40.74595723,-74.00402758
40.82234278,-73.94865809
40.71613542,-73.9948307
40.72554975,-74.00842069
40.77548868,-73.97826094
40.77548868,-73.97826094
40.8229931,-73.94826015
40.82300959,-73.94829988
40.73562604,-73.99811643
40.78429835,-73.97378401
40.78432579,-73.97373705
40.8131199,-73.94159177
40.82180234,-73.94926189
40.86573022,-73.9266861
40.86573022,-73.9266861
40.76774879,-73.9677183
40.76773506,-73.96768582
40.76772407,-73.96765694
40.71480951,-73.99163117
40.76650843,-73.96865391
40.76774879,-73.9677183
40.76774879,-73.9677183
40.77286112,-73.96393212
40.77414812,-73.96305047
40.73219767,-74.00654887
40.72158937,-74.00001082
40.73252155,-74.00649839
40.86720965,-73.92253385
40.77544334,-73.9621399
40.78449589,-73.95559879
40.73579554,-73.98746085
40.73579554,-73.98746085
40.73814562,-74.00504831
40.73800561,-73.9942336
40.75225536,-73.98385208
40.77613087,-73.97784551
40.79103498,-73.96719419
40.72198462,-73.99967531
40.75914306,-73.99954157
40.8175359,-73.95305138
40.76722524,-73.9703106
40.76718954,-73.97022397
40.76715384,-73.97014096
40.76410778,-73.97259707
40.76722524,-73.9703106
40.8028154,-73.94554514
40.78070649,-73.95847553
40.78069,-73.95843943
40.78067352,-73.95839972
40.78064056,-73.95832031
40.78062407,-73.9582806
40.78060759,-73.95824089
40.78059111,-73.95820479
40.78057463,-73.95816508
40.78055814,-73.95812537
40.78054166,-73.95808567
40.78052518,-73.95804596
40.78071487,-73.95890521
40.77413439,-73.96301799
40.73534602,-73.99620039
40.74154893,-73.99168194
40.74910469,-73.98616989
40.77362253,-73.97970572
40.72212185,-73.99955987
40.72212185,-73.99955987
40.72325815,-74.0028537
40.76740337,-73.95296759
40.76053534,-73.95133723
40.82539736,-73.94801981
40.82794361,-73.94616415
40.84056447,-73.93668868
40.84999682,-73.92984813
40.76923494,-73.98886253
40.7744551,-73.94773824
40.77444136,-73.94770214
40.77442762,-73.94766966
40.77441388,-73.94763718
40.77440014,-73.94760108
40.7743864,-73.9475686
40.77434554,-73.94826545
40.77440317,-73.94822569
40.77445804,-73.94818594
40.77451292,-73.94814618
40.81352992,-73.95637058
40.84436712,-73.93398519
40.82735097,-73.94664882
40.84119005,-73.93630499
40.72529087,-73.98354834
40.72529087,-73.98354834
40.76368267,-73.99332529
40.76386385,-73.99375486
40.76391875,-73.99388481
40.76324356,-73.99417727
40.86936537,-73.9163016
40.86949171,-73.91641714
40.72529087,-73.98354834
40.72527714,-73.98351587
40.72526342,-73.9834834
40.72524969,-73.98345094
40.72523321,-73.98341847
40.72521949,-73.9833824
40.72520576,-73.98334993
40.72519203,-73.98331746
40.7251783,-73.98328499
40.72516457,-73.98325253
40.72515084,-73.98321645
40.72513711,-73.98318399
40.72512339,-73.98315152
40.72510966,-73.98311905
40.72509593,-73.98308659
40.72507945,-73.98305051
40.72529087,-73.98354834
40.72527714,-73.98351587
40.72526342,-73.9834834
40.72524969,-73.98345094
40.72523321,-73.98341847
40.72521949,-73.9833824
40.72520576,-73.98334993
40.72519203,-73.98331746
40.7251783,-73.98328499
40.72516457,-73.98325253
40.72515084,-73.98321645
40.72513711,-73.98318399
40.72512339,-73.98315152
40.72510966,-73.98311905
40.72509593,-73.98308659
40.72507945,-73.98305051
40.72529087,-73.98354834
40.72527714,-73.98351587
40.72526342,-73.9834834
40.72524969,-73.98345094
40.72523321,-73.98341847
40.72521949,-73.9833824
40.72520576,-73.98334993
40.72519203,-73.98331746
40.7251783,-73.98328499
40.72516457,-73.98325253
40.72515084,-73.98321645
40.72513711,-73.98318399
40.72512339,-73.98315152
40.72510966,-73.98311905
40.72509593,-73.98308659
40.72507945,-73.98305051
40.86949171,-73.91641714
40.82426711,-73.9493106
40.8373737,-73.9391564
40.76930631,-73.98898526
40.77441388,-73.94763718
40.85236453,-73.93773656
40.74658845,-74.00556865
40.74676684,-74.00599091
40.74683545,-74.00614971
40.74684917,-74.0061822
40.75600568,-73.99440891
40.84066613,-73.93688374
40.84066613,-73.93688374
40.84187328,-73.93593569
40.84189527,-73.93598627
40.84191725,-73.93603685
40.84193649,-73.93608742
40.84195848,-73.936138
40.84198047,-73.93619219
40.72468159,-73.98394895
40.72466787,-73.98391649
40.72465414,-73.98388402
40.72463766,-73.98385155
40.72462394,-73.98381909
40.72461021,-73.98378301
40.72459648,-73.98375054
40.72458275,-73.98371808
40.72456902,-73.98368561
40.72455529,-73.98365314
40.72454156,-73.98362068
40.72452784,-73.9835846
40.72451136,-73.98355214
40.72449763,-73.98351967
40.72244024,-73.99928929
40.795642,-73.93247329
40.83371929,-73.94215188
40.74588109,-73.97799632
40.78665651,-73.97575115
40.80836359,-73.95440164
40.83497864,-73.94122928
40.83560695,-73.94077699
40.80624892,-73.93975558
40.8087429,-73.93792908
40.75254546,-73.9786474
40.73020779,-74.00512348
40.73020779,-74.00512348
40.80976071,-73.94228108
40.71849321,-74.00408003
40.71849321,-74.00408003
40.85475222,-73.92795617
40.72562654,-74.00916752
40.7146218,-73.98222351
40.8237789,-73.95009141
40.82549626,-73.94820762
40.84708077,-73.93248974
40.84834544,-73.93139688
40.76243935,-73.99419539
40.76243935,-73.99419539
40.83312942,-73.94263663
40.8331459,-73.94267636
40.83316239,-73.9427161
40.83317888,-73.94275583
40.83319537,-73.94279557
40.83320911,-73.9428317
40.8332256,-73.94287143
40.83324209,-73.94291117
40.83325857,-73.9429509
40.83327506,-73.94299064
40.83329155,-73.94303038
40.83330804,-73.94307011
40.83332452,-73.94310985
40.77247941,-73.94891677
40.77246567,-73.94888068
40.77245193,-73.94884819
40.7724382,-73.94881571
40.77247941,-73.94891677
40.77247941,-73.94891677
40.82379263,-73.95012031
40.8331459,-73.94267636
40.83316239,-73.9427161
40.77634819,-73.946047
40.84134124,-73.93670962
40.75806161,-73.99767181
40.75806161,-73.99767181
40.75806161,-73.99767181
40.77373607,-73.94795543
40.77373607,-73.94795543
40.79610609,-73.96334889
40.79616646,-73.96330552
40.72882019,-73.98071518
40.72882019,-73.98071518
40.76991948,-73.95100906
40.82381736,-73.95018171
40.7730583,-73.94836032
40.81924858,-73.9529743
40.83058607,-73.9446913
40.77633442,-73.94596757
40.74811181,-74.00515012
40.77802547,-73.96014173
40.74495502,-73.98989151
40.74495502,-73.98989151
40.72456903,-73.9837289
40.82556222,-73.94841352
40.76879588,-73.98992038
40.77631794,-73.94593509
40.84847187,-73.93169314
40.83570591,-73.9410624
40.80460389,-73.96376683
40.80462037,-73.96380655
40.80463686,-73.96384628
40.80465334,-73.963886
40.80466982,-73.96392211
40.80460389,-73.96376683
40.80462037,-73.96380655
40.80463686,-73.96384628
40.80465334,-73.963886
40.80466982,-73.96392211
40.80460389,-73.96376683
40.80462037,-73.96380655
40.80463686,-73.96384628
40.80465334,-73.963886
40.80466982,-73.96392211
40.83001268,-73.94521935
40.83264125,-73.94342843
40.83266598,-73.94348985
40.77491856,-73.94686774
40.83001545,-73.94526994
40.84456779,-73.93452714
40.84456779,-73.93452714
40.84456779,-73.93452714
40.76326003,-73.9942639
40.72939099,-73.9800836
40.83573888,-73.94113826
40.8238833,-73.95033703
40.82754881,-73.9471184
40.8275653,-73.94715813
40.82754881,-73.9471184
40.8275653,-73.94715813
40.77677694,-73.96111012
40.77676321,-73.96107763
40.77674947,-73.96104514
40.77673574,-73.96101265
40.77671926,-73.96098017
40.77670552,-73.96094768
40.77669179,-73.96091519
40.77667805,-73.9608791
40.77666432,-73.96084661
40.77665058,-73.96081412
40.77663685,-73.96078163
40.77662312,-73.96074915
40.77660938,-73.96071666
40.77236676,-73.94864608
40.73419861,-74.00623154
40.73419861,-74.00623154
40.82564463,-73.94855799
40.82566111,-73.94859772
40.8256776,-73.94863746
40.82574354,-73.94879278
40.82559519,-73.94848938
40.82561168,-73.94852911
40.82562817,-73.94856884
40.82564465,-73.94860857
40.82566114,-73.94864831
40.82567762,-73.94868443
40.82569411,-73.94872416
40.82571059,-73.94876389
40.82572708,-73.94880363
40.82574357,-73.94884336
40.82564463,-73.94855799
40.82566111,-73.94859772
40.8256776,-73.94863746
40.82574354,-73.94879278
40.82559519,-73.94848938
40.82561168,-73.94852911
40.82562817,-73.94856884
40.82564465,-73.94860857
40.82566114,-73.94864831
40.82567762,-73.94868443
40.82569411,-73.94872416
40.82571059,-73.94876389
40.82572708,-73.94880363
40.82574357,-73.94884336
40.72567861,-73.98981146
40.7728666,-73.96390324
40.79884486,-73.96190988
40.74563019,-73.9895233
40.7865976,-73.97031641
40.7865976,-73.97031641
40.8117523,-73.95899443
40.83452622,-73.94212588
40.72809836,-73.98093908
40.77235302,-73.9486136
40.82566111,-73.94859772
40.83647158,-73.9408738
40.77235302,-73.9486136
40.77233928,-73.9485775
40.8446475,-73.93472223
40.82391904,-73.95046708
40.82393278,-73.95049958
40.82394651,-73.95052848
40.82396025,-73.95056099
40.82397124,-73.95058989
40.82398498,-73.95062239
40.72507945,-73.98305051
40.72507945,-73.98305051
40.82822388,-73.9468324
40.74675105,-73.97736085
40.76035318,-73.97345412
40.83279513,-73.94378967
40.83279513,-73.94378967
40.74681143,-73.97734278
40.75690318,-73.99372663
40.82569411,-73.94872416
40.83457568,-73.94224148
40.76277974,-73.9950545
40.72933332,-73.97990683
40.83653204,-73.9410183
40.83522871,-73.9418181
40.83522874,-73.94186869
40.8352452,-73.94185784
40.83524522,-73.94190843
40.83526169,-73.94189758
40.83526171,-73.94194817
40.83527818,-73.94193731
40.8352782,-73.94198429
40.83529466,-73.94197705
40.83529743,-73.94202403
40.83531115,-73.94201317
40.83531392,-73.94206376
40.83532764,-73.94205291
40.83533041,-73.9421035
40.83534413,-73.94209265
40.8353469,-73.94214324
40.83536062,-73.94213239
40.83536339,-73.94218298
40.83537987,-73.94222271
40.83539636,-73.94226245
40.83522871,-73.9418181
40.83522874,-73.94186869
40.8352452,-73.94185784
40.83524522,-73.94190843
40.83526169,-73.94189758
40.83526171,-73.94194817
40.83527818,-73.94193731
40.8352782,-73.94198429
40.83529466,-73.94197705
40.83529743,-73.94202403
40.83531115,-73.94201317
40.83531392,-73.94206376
40.83532764,-73.94205291
40.83533041,-73.9421035
40.83534413,-73.94209265
40.8353469,-73.94214324
40.83536062,-73.94213239
40.83536339,-73.94218298
40.83537987,-73.94222271
40.83539636,-73.94226245
40.72595056,-73.99268327
40.72576113,-73.99203388
40.72582425,-73.99200861
40.72589013,-73.99198696
40.80873743,-73.9379616
40.71717026,-73.9965802
40.71177397,-73.99427916
40.71539445,-73.99954187
40.71846302,-74.0039718
40.81942167,-73.95340773
40.82574354,-73.94879278
40.82576003,-73.94883251
40.82577651,-73.94887224
40.825793,-73.94891198
40.82574354,-73.94879278
40.82576003,-73.94883251
40.82577651,-73.94887224
40.825793,-73.94891198
40.81832438,-73.95490061
40.80602275,-73.96324951
40.82576003,-73.94883251
40.82576003,-73.94883251
40.734786,-74.00611613
40.76474217,-73.99389917
40.83657601,-73.94112668
40.74752714,-74.00583579
40.74761181,-73.98851246
40.74762279,-73.98853772
40.76531305,-73.99330347
40.83342345,-73.94334465
40.74965163,-74.00485068
40.73016661,-74.00528224
40.73014465,-74.005358
40.73016661,-74.00528224
40.73014465,-74.005358
40.71492756,-73.99195942
40.73371843,-74.00218301
40.73371843,-74.00218301
40.70844735,-74.00484769
40.7308665,-74.00587763
40.74564392,-73.98955578
40.78805494,-73.96987519
40.85448368,-73.92866135
40.85448368,-73.92866135
40.82345277,-73.9512587
40.82774664,-73.94758798
40.85444792,-73.92853126
40.85444792,-73.92853126
40.7609683,-73.99819512
40.83533041,-73.9421035
40.83533041,-73.9421035
40.77510165,-73.94514177
40.77510165,-73.94514177
40.77280277,-73.94775398
40.8539068,-73.93725796
40.8539068,-73.93725796
40.76117653,-73.9731614
40.77736412,-73.9605429
40.70692051,-74.01407384
40.70835317,-74.01486766
40.70835592,-74.01481356
40.71676111,-74.00719307
40.74762279,-73.98853772
40.85392958,-73.92920417
40.85018754,-73.93208175
40.85415654,-73.93719989
40.73476416,-73.99680662
40.73478337,-73.99685353
40.73480258,-73.99690044
40.7348218,-73.99694735
40.73484376,-73.99699425
40.73486297,-73.99704477
40.73488219,-73.99709168
40.7349014,-73.99713859
40.73492062,-73.99718549
40.73494258,-73.9972324
40.73496179,-73.99727931
40.734981,-73.99732622
40.85596005,-73.92821152
40.80555473,-73.94019328
40.71675275,-73.99094553
40.78527491,-73.97138948
40.78806867,-73.96990768
40.78806867,-73.96990768
40.72447666,-74.0067249
40.81974817,-73.94677414
40.84324641,-73.93734753
40.84518616,-73.93596864
40.73885106,-73.99574191
40.7565719,-73.97810107
40.72520369,-73.98899977
40.72677385,-73.99082872
40.72068594,-73.99035335
40.73146492,-73.99569908
40.87177984,-73.91893084
40.86390565,-73.92345961
40.85462854,-73.93705123
40.733142,-74.00328711
40.733142,-74.00328711
40.7243615,-74.00410925
40.81480079,-73.93845811
40.73358942,-73.99766184
40.71478748,-74.0093536
40.76285923,-73.94921294
40.8672305,-73.92090323
40.73713552,-74.00579519
40.7820463,-73.95954713
40.78210684,-73.95998763
40.78518271,-73.95727387
40.72346818,-73.98239792
40.72351484,-73.98236544
40.7919289,-73.94959885
40.73294967,-73.99249487
40.74750673,-73.98236631
40.73544759,-73.99643493
40.80908295,-73.94266096
40.73333967,-73.99893917
40.83793258,-73.94247709
40.83856914,-73.94204647
40.85178227,-73.93217411
40.76350441,-73.99674027
40.83362498,-73.94576566
40.83364971,-73.94583069
40.83367446,-73.94593546
40.83334211,-73.94541898
40.83362498,-73.94576566
40.83364971,-73.94583069
40.83367446,-73.94593546
40.83334211,-73.94541898
40.83362498,-73.94576566
40.83364971,-73.94583069
40.83367446,-73.94593546
40.83334211,-73.94541898
40.83362498,-73.94576566
40.83364971,-73.94583069
40.83367446,-73.94593546
40.83334211,-73.94541898
40.83437696,-73.9456205
40.85319526,-73.93128344
40.85319526,-73.93128344
40.72728009,-73.97905237
40.82219687,-73.95412118
40.83364971,-73.94583069
40.83376789,-73.94615944
40.80561192,-73.96612142
40.83364971,-73.94583069
40.83364971,-73.94583069
40.85001274,-73.93357114
40.80689347,-73.96531885
40.80752737,-73.96486698
40.85565064,-73.929412
40.83495858,-73.94508157
40.83477984,-73.94436619
40.83482922,-73.94433001
40.83487861,-73.94429384
40.83492525,-73.94425766
40.83497464,-73.94422148
40.83495858,-73.94508157
40.83477984,-73.94436619
40.83482922,-73.94433001
40.83487861,-73.94429384
40.83492525,-73.94425766
40.83497464,-73.94422148
40.84877271,-73.93456637
40.80626232,-73.96576709
40.76355107,-73.99684856
40.76769385,-73.96753782
40.73876311,-74.00670469
40.80835056,-73.95620058
40.73089393,-74.00615185
40.73547228,-74.00384292
40.80331549,-73.94672588
40.72355309,-73.9812759
40.72355309,-73.9812759
40.82298795,-73.95567066
40.82298795,-73.95567066
40.7211034,-73.99422424
40.72115281,-73.99434329
40.72119948,-73.99446234
40.82530844,-73.95182824
40.83105959,-73.94775882
40.86479255,-73.92400452
40.82055356,-73.9561239
40.85325573,-73.93142435
40.82725931,-73.95034896
40.82057554,-73.95617447
40.82057554,-73.95617447
40.84446557,-73.93828971
40.84633105,-73.93659645
40.79125127,-73.97613951
40.73780525,-74.00565813
40.82227928,-73.95431261
40.85327774,-73.93152192
40.82059751,-73.95622504
40.82663651,-73.9509384
40.77670552,-73.96094768
40.71362947,-73.99541165
40.77497831,-73.97903736
40.72592328,-73.99634164
40.82917732,-73.94909728
40.85453704,-73.93064584
40.854559,-73.93065305
40.82166741,-73.95481163
40.85016668,-73.93397221
40.85016668,-73.93397221
40.74493645,-73.97578078
40.73074285,-74.00808218
40.77082993,-73.99260974
40.79166292,-73.97583962
40.74498584,-73.97574106
40.82481468,-73.95252956
40.86812651,-73.92273164
40.80550801,-73.94008134
40.80550801,-73.94008134
40.73939711,-74.00728212
40.8521011,-73.93293287
40.8521011,-73.93293287
40.8521011,-73.93293287
40.85212308,-73.93298345
40.85212308,-73.93298345
40.84556382,-73.93897542
40.85214232,-73.93303404
40.79192911,-73.97561922
40.76435528,-73.99687018
40.76435528,-73.99687018
40.7389306,-74.00547779
40.7389306,-74.00547779
40.80799095,-73.93812846
40.80799095,-73.93812846
40.72753654,-73.98710161
40.72753654,-73.98710161
40.78059111,-73.95820479
40.72427645,-74.00312072
40.76175589,-73.99391027
40.76175589,-73.99391027
40.81871796,-73.95778704
40.76181079,-73.99387056
40.72663416,-73.99576794
40.84421652,-73.93965613
40.84421652,-73.93965613
40.79109402,-73.97253902
40.81882125,-73.93743194
40.86004187,-73.92894099
40.8499423,-73.93519055
40.84995329,-73.93521222
40.84996154,-73.9352339
40.84996979,-73.93525558
40.72354861,-73.98908663
40.73624636,-74.0008985
40.73315271,-74.00856959
40.73315271,-74.00856959
40.76089933,-73.99083846
40.83606591,-73.94767538
40.80090853,-73.96081068
40.81487774,-73.93863867
40.76504044,-73.97033684
40.85050237,-73.94056854
40.7274679,-73.98693565
40.74188391,-73.99353318
40.71553442,-73.99819275
40.71555638,-73.99825407
40.80796072,-73.93805986
40.80794698,-73.93802375
40.72436977,-74.00304135
40.79880195,-73.94416511
40.79880195,-73.94416511
40.72252259,-74.00038241
40.72224537,-74.00076122
40.76253875,-73.97696201
40.76253875,-73.97696201
40.76253875,-73.97696201
40.73181633,-73.99947681
40.86735169,-73.92566474
40.7689805,-73.96538552
40.7619258,-73.9900983
40.76905834,-73.96883682
40.77419542,-73.96508675
40.73814022,-74.00256566
40.70239723,-74.01328665
40.72743221,-73.98684907
40.72798932,-73.98625725
40.78346928,-73.97306214
40.78410595,-73.97259606
40.84477716,-73.94103267
40.84623338,-73.93869649
40.84760824,-73.93825788
40.84761374,-73.93827956
40.8476165,-73.93830124
40.847622,-73.93832293
40.84762476,-73.93834461
40.84763026,-73.93836268
40.84763301,-73.93838436
40.84764127,-73.93842773
40.84760824,-73.93825788
40.84761374,-73.93827956
40.8476165,-73.93830124
40.847622,-73.93832293
40.84762476,-73.93834461
40.84763026,-73.93836268
40.84763301,-73.93838436
40.84764127,-73.93842773
40.84760824,-73.93825788
40.84761374,-73.93827956
40.8476165,-73.93830124
40.847622,-73.93832293
40.84762476,-73.93834461
40.84763026,-73.93836268
40.84763301,-73.93838436
40.84764127,-73.93842773
40.72350609,-73.97925559
40.82059362,-73.93612599
40.79415199,-73.97400404
40.72438027,-73.98911535
40.73876308,-74.00711606
40.76626162,-73.9694735
40.75974308,-73.98423289
40.71615749,-73.99918474
40.78052518,-73.95804596
40.72796187,-73.98618871
40.76150478,-73.96872485
40.76168872,-73.96887276
40.79354463,-73.9707503
40.82480272,-73.94421194
40.72131763,-73.9748117
40.76447581,-73.99192456
40.76451149,-73.99189928
40.75932636,-73.98825776
40.79372026,-73.97062382
40.72548892,-73.98683142
40.72295447,-73.97969229
40.80342265,-73.94697863
40.72218726,-74.01032871
40.72218726,-74.01032871
40.71757065,-73.99050532
40.71212263,-73.99629911
40.71212812,-73.99623779
40.71213361,-73.99617286
40.71213909,-73.99610793
40.71214458,-73.996043
40.71215281,-73.99597807
40.7121583,-73.99591314
40.71216379,-73.99584822
40.71216928,-73.99578329
40.71217476,-73.99571836
40.71218299,-73.99565343
40.71218848,-73.9955885
40.71219397,-73.99552357
40.71219946,-73.99546225
40.71220494,-73.99539732
40.71221043,-73.9953324
40.76702725,-73.96889193
40.76702725,-73.96889193
40.76312272,-73.97386815
40.72448261,-73.97608765
40.73549959,-74.00684508
40.72500602,-73.98848749
40.85681844,-73.93157612
40.75981617,-73.9780242
40.71763103,-73.99047284
40.76571088,-73.99102551
40.76118392,-73.98318572
40.77134593,-73.9636369
40.77139258,-73.96360077
40.77144197,-73.96356464
40.77148862,-73.96353212
40.77153527,-73.96349599
40.77158467,-73.96345986
40.77163132,-73.96342734
40.7642971,-73.98836879
40.7642971,-73.98836879
40.76434101,-73.9883363
40.72733062,-73.98656767
40.71881072,-73.98519855
40.73538718,-74.00431922
40.72877788,-74.0015334
40.7288712,-74.00145403
40.72896452,-74.00137466
40.72901119,-74.00133497
40.72877788,-74.0015334
40.7288712,-74.00145403
40.72896452,-74.00137466
40.72901119,-74.00133497
40.7315966,-74.00591017
40.72729767,-73.9864883
40.72877788,-74.0015334
40.73538717,-74.00443468
40.72480342,-74.00374128
40.76391966,-73.96696207
40.73979239,-74.00674809
40.79951649,-73.95948956
40.81110427,-73.93963558
40.7107283,-73.99663103
40.72493739,-73.98836845
40.71306947,-73.99382094
40.73874661,-74.00723514
40.7353762,-74.00438056
40.77446904,-73.98778212
40.82745066,-73.94274992
40.76568034,-73.98736136
40.76573523,-73.98732164
40.76579012,-73.98728192
40.76584501,-73.9872422
40.76617991,-73.98759592
40.73160757,-74.00602924
40.73168722,-74.00503339
40.72033726,-73.9892531
40.80349409,-73.94714834
40.83548855,-73.94558345
40.76608928,-73.98706165
40.85022751,-73.93980972
40.71750772,-73.99329745
40.73813178,-74.00727116
40.73813178,-74.00727116
40.84957168,-73.94010671
40.84957168,-73.94010671
40.73472294,-74.00438773
40.80351058,-73.94719168
40.73200572,-73.99985928
40.73370986,-73.99101539
40.83582901,-73.94581807
40.83582901,-73.94581807
40.71215281,-73.99597807
40.73192326,-74.00517052
40.72401514,-73.98824234
40.83661444,-73.94677872
40.83668582,-73.94681841
40.83672426,-73.94683645
40.83668582,-73.94681841
40.83672426,-73.94683645
40.79636284,-73.94617163
40.71633839,-73.99238131
40.70996778,-74.00797866
40.73534874,-74.00456819
40.73534874,-74.00456819
40.73534874,-74.00456819
40.76874637,-73.98881568
40.76874637,-73.98881568
40.83613936,-73.94625148
40.76581588,-73.9655785
40.84734396,-73.93679789
40.84741804,-73.9367436
40.71581165,-73.99903324
40.70777967,-74.01365923
40.73761832,-73.99016687
40.79734699,-73.9642692
40.85158152,-73.94150739
40.73214558,-74.00527518
40.71555887,-74.00779897
40.84741804,-73.9367436
40.8304418,-73.94156211
40.8304418,-73.94156211
40.71668997,-73.99885647
40.71668997,-73.99885647
40.71486996,-73.99260512
40.71486996,-73.99260512
40.71444749,-73.99813145
40.71444749,-73.99813145
40.76842443,-73.96927756
40.7760916,-73.96368486
40.732593,-73.99529128
40.732593,-73.99529128
40.732593,-73.99529128
40.82217731,-73.94692395
40.71472196,-73.99760118
40.80590575,-73.94510193
40.74254787,-73.98989549
40.73249425,-73.99689694
40.73249425,-73.99689694
40.7505034,-73.97886461
40.75165055,-73.97799802
40.75177679,-73.97790775
40.75190577,-73.97781747
40.75203201,-73.9777272
40.75168068,-73.97767679
40.75177679,-73.97790775
40.75190577,-73.97781747
40.75203201,-73.9777272
40.81633087,-73.95280656
40.86146105,-73.92921784
40.85103419,-73.93930656
40.72520694,-74.00233786
40.7183775,-73.98923899
40.7183775,-73.98923899
40.77614258,-73.96015368
40.79435762,-73.96311871
40.79437136,-73.96315843
40.75411053,-73.9690676
40.86242711,-73.92908666
40.86244629,-73.92903603
40.86246547,-73.92898178
40.86248465,-73.92892753
40.86250383,-73.9288769
40.86252301,-73.92882265
40.86254219,-73.92877201
40.79892209,-73.96308729
40.79892209,-73.96308729
40.7184984,-73.9907541
40.79896326,-73.96308365
40.79896326,-73.96308365
40.80135286,-73.96876391
40.80135286,-73.96876391
40.80105619,-73.96791886
40.76557284,-73.9837225
40.73223016,-73.98797027
40.75502436,-73.96842831
40.71775204,-73.99404055
40.7188496,-73.98921727
40.71377211,-73.9935359
40.73876025,-74.00849092
40.73876024,-74.00857391
40.73875749,-74.0086533
40.73874378,-74.00849092
40.73875748,-74.0087363
40.73875473,-74.00881569
40.73875473,-74.00889868
40.73875198,-74.00897807
40.73875197,-74.00906107
40.73873826,-74.00889868
40.73874922,-74.00914046
40.73873551,-74.00897807
40.73874921,-74.00922345
40.7387355,-74.00906107
40.73815091,-74.00846197
40.77740483,-73.95921416
40.77740198,-73.95890004
40.85731968,-73.92984041
40.76920211,-73.9630821
40.76920211,-73.9630821
40.76924602,-73.96305319
40.76928993,-73.96302068
40.76933383,-73.96298816
40.77603419,-73.96441783
40.7255308,-74.00313521
40.75584762,-73.96782874
40.7184956,-73.99003261
40.71855872,-73.99000013
40.80996675,-73.9550291
40.78663551,-73.98081038
40.7770274,-73.96321135
40.74848739,-73.98863141
